17
1800	1200	
domestic	43	0
venomous	343	0
predator	643	0
aquatic	943	0
airborne	1243	0
milk	523	171
eggs	1123	171
breathes	643	343
catsize	523	514
backbone	1123	514
tail	0	686
legs	257	686
fins	514	686
toothed	771	686
feathers	1029	686
type	823	857
hair	1286	686
domestic	2
250	150
0
4	6	7	11	13
1	0.8672
2	0.1328
venomous	2
250	150
0
11	6	7	8	9	10	11	12	13	14	15	17
1	0.8860
2	0.1140
predator	2
250	150
0
0
1	0.4455
2	0.5545
aquatic	2
250	150
0
4	6	7	8	13
1	0.6726
2	0.3274
airborne	2
250	150
0
5	6	7	8	9	10
1	0.8149
2	0.1851
milk	2
250	150
4	1	2	4	5
9	8	9	10	11	12	14	15	16	17
1	0.4703
2	0.5297
eggs	2
250	150
4	1	2	4	5
8	8	9	10	11	12	14	15	17
1	0.4962
2	0.5038
breathes	2
250	150
5	2	4	5	6	7
7	9	10	12	13	14	16	17
1	0.1666
2	0.8334
catsize	2
250	150
5	2	5	6	7	8
0
1	0.4789
2	0.5211
backbone	2
250	150
5	2	5	6	7	8
7	11	12	13	14	15	16	17
1	0.1743
2	0.8257
tail	2
250	150
5	1	2	6	7	10
0
1	0.2426
2	0.7574
legs	6
250	150
5	2	6	7	8	10
1	16
1	0.1827
2	0.2108
3	0.4747
4	0.0111
5	0.0799
6	0.0409
fins	2
250	150
5	1	2	4	8	10
0
1	0.8751
2	0.1249
toothed	2
250	150
5	2	6	7	8	10
0
1	0.3799
2	0.6201
feathers	2
250	150
4	2	6	7	10
1	16
1	0.8693
2	0.1307
type	7
250	150
5	6	8	10	12	15
0
1	0.5297
2	0.1307
3	0.0476
4	0.0854
5	0.0323
6	0.0578
7	0.1165
hair	2
250	150
5	2	6	7	8	10
0
1	0.4597
2	0.5403
