Genotype	TraitA_T1	TraitA_T2	TraitA_T3	TraitB_T1	TraitB_T2	TraitB_T3	TraitC_T1	TraitC_T2	TraitC_T3
2	1	1	1	1	1	1	1	1	1
1	1.4297	-0.13715	-0.33041	1.3972	-0.17802	1.0272	-1.322	0.0027715	0.85527
1	2.0687	-2.5819	-0.71386	-0.25338	0.64604	-0.25402	-1.1947	0.60348	1.5977
2	0.52771	0.19656	0.40967	0.039336	1.57	-0.036341	-1.6301	-0.15434	0.93397
1	1.7929	-0.85399	-0.21102	0.36528	0.14997	-0.072283	0.25214	1.8044	1.4149
1	-0.090929	-0.17288	-2.808	0.79192	-1.5175	-0.90041	0.39689	-0.18146	-0.55432
1	0.86086	-0.049472	-0.82074	0.18954	0.51157	0.30995	-0.50952	-0.047852	0.25632
1	0.37794	-0.49737	-1.5634	-0.61123	-1.6172	-0.025387	-0.50463	1.0061	-0.55909
1	0.061886	-1.3173	-0.38674	0.66584	0.023432	-1.0821	0.14268	-0.21189	-0.60498
1	0.96427	-1.6652	-0.61177	-0.295	0.12641	-1.6644	-1.0372	0.033566	1.3366
2	0.16295	0.59047	0.7747	-0.32623	1.6996	-0.042892	-0.0034198	-0.30944	0.67765
1	1.7419	-0.94567	-1.8121	0.80385	0.23144	-1.4004	2.0605	-0.83835	1.3823
2	-0.92772	0.34934	0.87438	-0.62792	0.7641	-0.5865	0.24522	0.6353	-0.0017539
2	-2.9367	1.609	2.0928	0.61651	-2.0775	-0.24164	-0.3587	-0.95545	-3.0393
1	0.52613	0.43773	0.75866	0.73066	0.46388	-1.4681	-1.5908	1.6872	0.89314
2	-0.10721	1.7759	1.6821	-0.56868	1.6447	-0.92002	-0.27447	-0.62549	0.91373
1	-1.073	-1.8228	-0.34751	-0.54007	-1.7593	-0.7431	0.61821	-0.054988	-1.7414
2	-1.0532	1.0319	1.0531	-0.09473	-0.82174	0.45084	-0.38299	-0.6361	-0.90619
1	1.7064	-1.8984	-2.6061	0.99661	-0.67065	0.17936	0.97103	0.38751	-0.11531
2	-3.2527	-1.1361	0.56795	-0.39584	-1.5189	-1.7637	1.2149	-1.3971	-1.8622
1	2.3471	-2.1036	-2.092	1.544	-0.21178	0.3446	1.0474	-0.64427	0.73628
2	-0.63792	1.3156	0.92169	-0.67815	1.4089	1.1938	0.82905	0.16566	0.09164
2	-2.0379	0.74861	0.16368	0.58693	-0.67589	0.81824	0.33633	-0.19727	-1.243
2	-1.7441	2.4915	0.89809	-1.0265	0.35767	-1.159	0.63023	0.97341	0.29971
2	-1.9637	0.94259	1.169	1.9451	-0.96485	0.49152	-1.1393	-1.2415	-0.58885
2	-1.0536	2.4253	0.94996	-2.3874	0.23825	0.224	-0.073329	-1.2231	-0.24801
1	-0.032849	-1.1426	-1.1507	-0.10711	-1.6383	-0.80394	1.5126	0.28303	0.083105
2	-2.2192	0.84322	0.73021	0.71513	-0.79164	0.61126	-1.2986	0.89057	-1.4685
1	0.42429	-0.65294	-1.9493	-0.77983	-1.2761	0.99263	0.051924	0.83436	-0.0079187
2	-0.85155	0.9691	1.1731	1.0504	0.39302	0.030178	-0.70262	-0.014959	-0.31945
1	-1.4662	-0.5934	-2.0914	-0.76279	-1.7903	0.94245	0.96374	-1.6733	-1.8091
1	2.0716	-0.52844	-0.183	-0.032514	1.4843	0.28402	0.37221	-1.4476	2.8712
2	-1.0437	1.5094	-0.23396	-0.84804	0.43785	0.19966	0.3728	0.15043	0.10549
1	1.0647	-0.35638	-1.0854	0.78756	-0.99107	0.098816	-0.32975	-0.68451	0.71344
1	0.58146	-0.46614	-2.9113	-0.032848	0.052376	-0.36411	0.87461	0.28033	-0.61848
2	-0.6251	1.3257	0.36072	-0.042944	0.66071	-0.33981	2.0873	1.2161	0.089706
1	1.57	-1.26	-2.0278	1.5331	-1.5343	0.019093	-0.73556	1.0316	0.41452
2	-1.6998	1.0471	-0.0095397	-0.72037	0.30428	0.18062	0.86143	-0.31801	-0.86127
2	-1.0544	1.9761	1.1994	1.7876	-0.24561	0.01978	1.4123	0.19675	-0.022687
2	0.38235	2.3798	0.42045	0.97856	1.7099	0.20914	1.0505	1.9808	1.482
1	1.8991	-2.1024	-0.53897	0.20839	1.3568	-1.4725	0.16263	0.069291	1.5719
2	-2.2901	1.333	1.1433	-0.53918	-0.41394	-1.0484	-1.2332	0.068735	-2.0475
1	1.9123	0.027091	-0.067604	-0.86429	-0.73426	0.65875	-0.59697	1.1903	-0.068242
2	-1.8834	1.7232	1.3404	-0.096031	-0.1779	1.2453	0.23601	-0.81722	-0.8237
1	-0.33029	-1.4141	-0.24236	0.3117	-0.28893	-1.536	0.63391	0.97915	-0.30591
2	-1.0004	-0.17153	0.80903	-1.3152	-0.28004	-2.5356	0.25062	-1.6221	-0.2114
2	0.92525	0.78374	0.44585	0.87215	0.67229	1.6991	-0.45347	0.21751	0.95898
1	0.47842	-0.79727	0.0099566	0.8919	0.31135	-0.62503	-0.99073	1.5268	0.43918
1	-0.52618	-0.57407	-1.5704	-1.9977	-1.8715	0.99632	1.124	2.1038	-1.3776
2	-0.8334	1.5897	0.82506	-0.045645	0.23407	-1.1836	-0.86756	0.52102	0.23901
1	1.0179	-0.6531	-0.53277	0.32403	1.226	-0.27361	-1.5967	-0.20229	1.5482
2	-0.82762	0.26361	2.4807	-0.49628	-0.44792	1.295	-1.0416	0.29424	-1.0789
1	1.569	0.14532	-1.3216	-1.1622	-0.46791	0.10723	-0.74658	1.7246	0.087136
1	0.93783	-1.0786	-1.6758	-2.3367	-1.4745	-0.78743	0.85399	0.0085691	0.79439
2	-2.9555	1.122	1.8506	0.65602	-0.66402	0.25697	0.75048	0.21667	-2.1374
2	-1.5843	0.24076	0.71071	-0.16959	-1.0254	0.44363	1.1218	1.0872	-1.2214
2	0.82202	1.2273	-0.2641	1.1674	0.72576	-0.6655	-0.33565	-0.57264	1.0462
1	0.83408	-0.90235	-0.3935	0.086621	1.5353	-0.37978	-0.040736	0.54884	1.0078
2	-0.30426	0.26772	1.1941	0.52251	1.9104	-0.10785	0.40619	1.0277	1.0258
1	0.81767	-2.1549	-1.0066	-1.1068	-0.3204	0.70458	-1.0728	0.7519	0.49365
1	0.67964	-1.4603	-1.4347	0.76332	-0.97228	-0.9221	1.0028	0.98058	-0.18843
1	1.3794	1.3504	-0.081978	0.31556	0.32948	-2.6404	-1.0646	-1.2234	0.23259
2	0.11139	1.1587	0.66712	-0.46969	0.42	0.31504	0.4697	2.6848	0.14172
2	0.28767	-0.065134	1.3282	0.43016	1.4838	-0.63014	0.62746	0.93536	1.6029
1	2.4805	-0.73041	-2.1434	-0.61007	0.89886	-0.34815	0.53564	-0.83092	1.359
2	-1.7925	1.8972	1.3604	-1.0549	-1.2652	1.3518	-0.049884	-1.2196	-0.88755
2	0.47058	1.4302	-0.034783	-0.11473	1.0041	1.0036	-0.46028	1.0611	1.2613
1	2.6579	-0.31683	-1.1155	-0.65359	0.96673	0.64757	1.2194	-0.90696	1.8217
2	-0.29097	0.91367	1.5236	-1.0735	0.71821	-2.1156	0.11456	-0.37247	0.64467
1	0.68355	0.40105	-1.7852	1.3169	0.6179	-1.3712	0.05004	-0.65314	1.1103
2	-1.8738	2.4006	1.8782	-2.1995	0.49239	-0.6918	-0.70293	-0.74597	-0.3239
2	-0.36364	1.0943	0.62818	0.1429	0.85651	-0.96809	0.12213	-0.94343	0.42158
1	0.40116	-1.4861	-0.049336	0.72652	0.1255	-1.1187	-0.38912	0.060771	-0.29816
1	1.1364	-0.828	-0.44475	0.81314	-0.45463	0.73019	-0.57071	0.32484	0.046647
1	0.91034	-0.95145	0.43201	0.76891	-1.5873	-0.38206	0.28662	0.23105	0.11712
2	-0.27208	2.2223	1.2591	0.70003	0.89367	1.0322	0.41848	0.96986	0.17078
1	1.0624	0.048938	-1.002	-1.0531	-0.28385	0.30108	0.62074	0.39829	0.27699
1	0.57701	0.094694	-1.3989	0.15018	-0.44071	0.74259	-1.2663	0.33047	-0.45917
2	0.11706	2.795	0.35611	-0.68956	2.1138	0.36961	-1.3806	-1.1414	1.9844
2	-1.2526	0.11214	0.40367	0.83874	0.37692	1.4445	-0.77317	-0.40136	-0.42244
2	-1.4336	-0.32339	1.3392	0.7596	0.0091892	1.0806	-0.81666	-0.39415	-1.9858
2	0.5554	1.0643	0.50191	0.37325	2.0674	0.38376	-0.13487	-0.37455	0.64987
1	1.6028	1.107	-0.9114	0.97541	0.88036	1.66	1.4044	-0.46919	0.80681
1	1.6228	-1.3906	-1.8136	0.56649	-0.87823	-1.8194	0.30195	1.2461	-0.07587
2	-0.97076	1.5212	1.1269	0.4029	0.19516	-1.5031	0.85567	0.18958	-0.20832
1	1.3197	-1.8366	-0.24704	0.34608	-0.77044	1.1945	1.6826	0.91217	0.30079
2	-0.38255	-0.2812	0.27203	-1.2858	0.86735	-0.54848	-1.3505	0.57415	0.12916
2	-2.878	1.5199	0.74535	-1.4308	-2.2635	-1.4245	0.89574	0.037623	-2.7177
2	-1.7715	0.74699	0.96279	-1.306	-0.36677	-0.36708	1.4602	-0.85456	-0.40898
2	-1.3391	1.2012	0.7409	-1.3102	0.40133	-0.076096	0.51637	0.33495	0.25003
1	0.65017	-0.57483	-1.7053	0.21131	-0.38338	1.6998	-0.70762	1.5248	0.1473
1	-0.14679	-1.5979	-1.2765	1.041	-0.00072624	-0.19359	0.17338	-0.96136	0.51031
1	1.8145	-1.0318	-1.0633	-0.098291	1.1755	-0.57137	1.7174	-0.14248	1.4282
1	0.80523	-0.96777	-1.8989	0.063236	-1.2783	0.72214	-0.99392	-0.017507	-0.52743
1	1.479	-1.2772	-1.1642	0.13841	0.83641	0.12311	1.2557	-0.37799	1.6174
2	-1.423	-0.24793	0.49465	1.1461	-1.0896	-0.16348	-0.76872	-0.40631	-1.8538
1	1.5733	-0.26875	0.42772	-0.75241	-0.0059677	0.65109	0.67958	0.47183	-0.10405
1	1.7405	-1.3987	-0.91804	0.30851	-0.37195	-0.30858	-1.2002	0.51775	0.60525
1	1.0571	1.4951	-2.5784	0.023453	0.064363	0.2392	0.93292	-0.37825	0.58165
2	-0.35492	0.69359	1.5161	0.58499	-0.44209	-0.09004	-0.70298	-1.1197	-0.12251
1	0.61469	-1.1159	0.11919	0.1796	-0.94894	0.012732	-0.69651	0.21311	-0.52283
1	-1.2282	-0.050497	-0.83443	-0.28534	-2.0051	-1.3528	0.096769	-0.67245	-1.2668
1	1.0411	-0.016327	-1.927	-0.10683	-0.70277	-1.4696	-0.021181	-0.34105	0.46198
2	0.64635	0.84883	1.6319	0.2406	1.8836	0.31359	-0.69264	0.96691	1.3021
2	-0.3604	0.050276	0.95661	0.18902	1.5034	1.3017	-0.045011	-0.92727	0.70494
2	0.60646	1.598	1.395	-1.3791	1.8106	0.097276	0.74515	-0.4425	0.62478
2	-0.099653	-0.54799	-0.1078	-0.18908	1.4643	-0.49221	0.050585	-1.2949	1.4842
2	-0.98803	0.016928	1.2978	-0.29336	-0.2433	-0.90577	-0.18704	-0.22856	-0.39148
2	-1.2267	0.82318	0.77338	0.0029744	0.15114	1.4265	1.6722	-0.18878	0.083877
2	0.32455	0.48697	0.87077	-1.2598	0.89457	-0.2656	-0.4774	-0.22382	0.86019
2	-1.6768	0.28366	1.7541	1.4309	-1.0277	-0.49835	-0.31204	-0.04057	-2.2507
2	-0.83915	0.98617	0.024566	0.14541	0.40801	-0.010211	1.7726	-1.3709	0.30366
2	-0.12663	0.15335	0.70774	2.1504	1.6066	-0.39836	1.078	-0.017324	0.94477
1	1.1185	-0.39853	-0.011251	-0.0047654	-0.018256	-0.97102	1.8801	0.5724	0.70777
2	-0.96731	-0.023776	1.2924	-0.94814	1.0413	0.3092	-0.06342	-0.032081	-0.22356
1	1.1481	-1.0434	-2.2223	-1.2686	0.27026	-0.40422	-0.34583	2.2763	-0.16972
2	-0.73981	1.2266	0.71139	-1.5638	0.084373	0.09421	-0.94629	-0.73173	-0.13897
1	0.10133	0.032746	-1.5397	-1.7164	-0.96537	0.18106	0.47324	-0.32186	-0.44953
1	2.3032	0.37332	-1.7518	-0.97719	0.21786	-0.29424	-1.6122	-0.3313	0.34243
2	0.30487	0.96988	0.7649	1.2021	0.93113	-0.55965	-1.8153	-0.34231	1.0416
1	0.9734	-1.1492	0.54826	0.24535	-1.1123	-0.013547	-0.72623	0.9444	-0.19613
1	1.3053	-1.4227	-2.1548	-0.99601	0.99751	0.37094	-0.24703	-0.92319	0.81674
2	-0.0084211	1.8266	0.94339	-0.96922	2.2496	0.14622	2.3348	-0.34993	1.4151
1	0.64848	-1.4999	-0.79935	-0.18624	-2.4443	0.91037	-0.16866	-0.15122	-1.2117
1	0.99806	-1.9897	-0.90507	0.86062	-0.34118	-0.4535	-0.54746	1.5108	0.91863
1	-0.30169	-1.2768	-1.1305	-0.01759	0.06726	-0.39978	0.52015	0.96655	0.12442
1	0.76671	-0.91781	-2.0919	0.37685	-0.19301	0.73072	1.2156	1.439	0.0070513
2	0.66141	0.90111	1.0491	-0.66199	1.9568	-1.2392	0.18616	1.0926	1.652
1	2.2346	0.19579	-0.82941	0.65367	0.48104	-0.33862	0.11669	0.66087	1.1783
2	-1.3061	1.9587	1.3667	1.1907	-0.51821	-0.2974	-1.0178	0.34352	-0.018939
2	-2.4636	0.65586	1.618	-0.50642	-0.63857	-0.65954	-0.9133	0.027975	-1.4977
1	0.89124	-0.8583	0.34126	-0.30785	0.91808	-2.22	1.2944	-0.27909	1.487
1	1.9669	-0.26343	-2.0878	-0.29226	1.7407	0.64013	0.32367	0.44562	1.1292
2	-1.6773	1.1266	1.5663	0.16226	-0.34514	0.84293	-0.44423	1.0172	-0.78509
2	-0.7714	0.64263	0.67055	-0.12578	0.030391	0.57791	-0.87634	0.28154	-0.261
2	-1.0233	1.1382	0.044689	-1.1241	0.94709	-0.58888	-0.6081	-1.1033	0.0014883
1	-0.89032	0.083064	-0.12604	-0.88751	-0.91556	0.98782	-0.96295	0.75564	-0.69265
1	1.3655	-1.0533	-2.2171	0.66166	0.025806	0.67579	0.34249	-0.62323	1.0886
1	0.56399	-0.71728	-2.1219	0.31633	-0.71031	0.87407	-0.34701	0.53176	0.10037
1	-0.29942	-2.2988	-3.1477	0.24441	-0.72899	0.88463	-0.8288	-1.1141	-0.93797
2	-1.6019	1.5308	0.77275	-0.1597	-0.62304	-0.59345	2.1367	0.64165	-1.6089
1	0.43998	-1.5333	-1.9005	0.44722	-0.13187	0.57419	-0.61413	-0.37988	0.13118
1	0.32451	-0.97656	-0.87335	0.35494	-1.1928	-0.086298	-1.1026	-0.97919	-0.21726
1	1.1693	-0.39422	-1.1447	-0.52351	-0.30333	-0.48954	-2.0032	0.46507	0.28567
2	-1.0178	-0.043439	0.70679	0.14463	0.58141	0.098977	-0.88721	-0.15542	-0.56848
2	-1.864	0.19456	0.95611	-0.51705	-0.71043	0.72604	-0.62148	0.50157	-1.4442
1	1.1946	-2.0839	-0.6101	-0.83583	-0.63001	-2.1693	0.72895	-1.5658	-0.082817
1	1.1312	-0.95042	-0.78674	-0.86549	-1.6625	-1.463	0.99593	-0.16553	-0.34155
1	0.1384	-1.7694	-1.1965	0.66966	-0.69619	0.30805	-0.080061	-1.5587	-0.319
1	1.4232	0.30662	-1.3935	-0.69947	-0.00055014	-0.019403	1.7703	1.0318	0.42129
1	1.3138	-1.6567	-1.8236	-0.83594	0.59818	-1.9568	-0.73185	0.59719	0.62349
1	2.1276	-1.5641	-1.0272	-0.22706	-0.61297	-0.86845	-0.16811	1.1233	0.63294
1	0.86327	-1.1672	-0.4862	0.32957	-0.080302	0.81128	0.71627	0.55966	0.56367
2	-1.1147	1.2413	0.85755	-0.98983	0.37471	-1.5058	0.52838	0.36411	-0.48627
1	0.75511	-1.5314	-1.2234	-0.066617	0.54207	-0.84565	-0.12893	1.9402	0.7808
1	1.1796	-1.5249	-0.84271	0.7095	0.87459	0.4211	0.58894	-0.13679	0.9324
1	0.93365	-0.83064	-1.7063	-0.39808	-0.20153	-0.35447	-0.30854	-0.57078	0.36515
1	1.8917	-1.3609	-1.8857	-0.17194	1.2951	1.1315	1.4558	-0.089841	1.2983
2	-2.5895	-0.48061	0.79532	0.78346	-0.065639	-1.4548	-0.32083	-0.6721	-0.66455
2	-0.63117	1.7367	0.74948	-0.57156	0.163	0.86543	0.20003	-0.75063	-0.21691
1	0.95464	-0.59931	0.43364	-1.307	0.20536	-1.2766	1.1449	0.17596	0.4256
2	0.38623	0.55334	1.5367	-1.3081	1.5091	-0.032931	0.56364	0.54856	0.53007
1	1.1646	-2.9641	-0.86913	-0.68118	-0.086229	0.93707	-0.76042	0.057056	0.064744
2	-0.51373	2.3748	0.37243	1.8737	1.2164	0.68405	-1.2926	0.33967	0.46045
2	-1.716	-0.27518	0.71898	2.139	-1.1262	-0.42262	0.11487	1.2112	-1.1357
1	0.81098	-1.6862	-1.1448	1.5806	0.07478	2.1746	-1.067	-1.0274	0.15241
2	-0.52225	1.1834	1.2802	-1.2321	0.53041	-0.29027	1.498	-0.42998	0.29824
1	1.4067	-0.73586	-1.4675	0.36902	1.0718	1.0513	1.6971	-0.35651	1.4181
1	1.6396	-0.50918	-1.5239	0.079563	-0.21164	0.21185	1.565	-0.65063	0.82484
2	-1.8129	1.1552	0.21773	0.85556	-0.54894	-1.3206	-0.70958	-0.76325	-0.45363
1	0.08024	-2.4412	-2.6136	0.63901	-0.43723	0.30985	-0.87622	0.32545	-0.64188
2	-1.3992	1.86	0.38514	-0.16959	-0.24569	-0.82319	-0.33765	-1.4312	-1.2661
2	-0.86537	1.8958	0.18147	-1.9666	-0.72909	0.10657	-0.67092	-0.092301	-0.26755
1	2.036	-0.70975	-0.61637	-0.56185	0.88033	0.41052	-1.1744	1.3238	1.9451
1	-0.72085	-1.0706	-1.5233	-1.0609	-2.2981	-0.92031	0.85305	0.92412	-2.0596
1	0.55799	-0.18829	-1.3832	-0.54916	-0.1609	1.5505	0.19265	-0.46904	-0.37963
1	0.57613	-0.29024	-0.82884	-0.28827	-0.62227	-1.1992	-0.81165	1.2746	-0.14435
2	-2.1458	-0.13362	1.3613	-0.6849	0.26747	0.16034	0.47253	-1.0468	-1.4435
1	0.75481	-0.80985	-1.7562	0.11274	-1.361	0.2692	-0.33398	-1.981	-0.45146
2	-0.63689	1.4115	1.1256	-0.48954	0.22227	0.083383	-0.68005	-1.3527	0.15794
1	0.20488	-0.8585	-1.7057	-0.10785	-0.51512	-0.21105	-0.2347	0.50991	-0.2296
1	0.33051	-0.82281	-1.4551	-0.49943	-2.2164	-1.243	0.92027	-0.28432	-0.9815
2	-1.5323	1.4825	0.19568	-1.2659	0.39757	-0.31925	-1.2746	1.0148	-1.2882
1	1.5044	0.37718	-2.1235	-0.61248	0.60182	2.0258	1.4868	-1.3682	0.2884
2	-1.6985	1.5229	0.84929	-0.10283	0.041132	0.4637	0.8772	0.68429	-0.14624
2	-1.3935	1.1026	0.31729	1.3348	0.69002	0.8169	-1.0187	-1.2712	-0.32986
2	-0.86151	1.1122	1.3	-0.32921	-0.41074	-0.70612	0.6009	0.3163	-0.097953
2	-2.0673	1.6355	0.097123	0.91473	0.5959	1.3796	-1.1231	1.8893	-0.22321
2	-2.4777	1.7124	-0.15192	-0.52093	-0.16443	0.4923	0.66793	-1.2934	-0.85227
2	-1.3134	0.016105	1.4176	-1.6019	0.1775	0.25622	-0.55297	0.3436	-0.7072
2	-1.0597	1.7595	0.80528	-1.8325	0.76506	-0.3233	-1.6869	2.265	-0.08971
1	1.1695	1.0881	-0.63283	-1.785	-1.7752	-0.58415	0.69137	0.82675	-0.3004
1	2.1262	-1.8156	-0.39282	-0.80595	0.050324	-0.16373	-0.47151	0.80027	0.54389
1	1.063	0.25296	0.17061	-0.1157	-0.59899	-0.43356	0.60152	-1.3515	1.3947
1	-0.10155	-0.81702	-0.9886	-1.1247	-1.0497	-1.185	-0.15332	0.4469	-0.096871
2	-0.57577	0.74889	1.8408	0.28509	1.5472	1.9763	1.6429	-2.0436	0.74455
1	-0.75989	-1.2425	-0.34199	-0.818	-2.3858	0.47522	-0.23387	-0.28078	-1.309
2	-2.0495	2.5682	1.5694	-0.41676	-0.74454	-2.4393	-1.1153	-0.57367	-0.54138
1	0.77924	-2.4438	0.15312	1.4288	-1.2908	0.81841	-1.6958	-0.26358	0.81237
1	1.3679	0.40158	0.13439	-1.4677	0.89536	0.41708	-1.1908	0.96858	0.56786
2	-1.4326	-0.13779	0.41395	-0.42952	-0.17306	2.1264	-1.3315	0.86756	-1.089
1	0.88958	-2.3905	-0.67529	1.2911	-0.38016	-0.3412	1.1386	0.057707	-0.36773
2	-1.5711	0.45979	1.0688	0.26169	-1.6144	-0.35448	-0.53559	0.42875	-1.6729
1	1.0892	-0.40625	-1.2024	-0.24455	0.22748	0.98424	0.43801	-0.59885	0.46111
2	-0.99813	0.68247	1.2314	-1.1455	0.047651	0.30609	0.32837	0.35498	-0.81578
2	-0.68839	1.6801	2.0582	-1.4603	-0.88636	1.3908	-0.57986	-0.0037434	-0.53515
1	0.40464	-2.6344	-0.28752	-0.51213	-0.48685	0.69834	-1.2208	0.065339	-0.45076
2	-2.4333	-0.012759	1.469	2.659	-0.5377	-0.71507	1.0595	-0.18563	-1.5926
2	-0.6268	1.4389	1.2319	0.08302	0.44274	0.39782	-0.67528	0.38559	-0.65921
2	0.8026	0.80659	1.1495	0.74086	1.2964	0.062532	-0.28188	1.5504	1.1851
1	0.21066	-1.3587	-1.018	-0.87592	-0.69085	-0.72849	0.38214	0.62269	0.18878
1	1.0048	-0.91952	-0.66448	-1.3416	0.25265	-1.2612	-0.049135	0.82484	1.005
2	-1.7507	1.7795	1.0866	1.9423	0.058961	0.96838	-0.3094	-0.2146	-0.7414
1	0.97472	-0.061041	-0.36624	-0.7592	0.64262	0.81729	0.82749	1.823	0.34266
1	-0.18399	0.0091627	0.45289	-1.2116	-1.9977	1.0641	0.8541	-0.49246	-0.92098
1	2.9043	-1.4253	-1.4868	1.7467	0.4367	0.05544	0.35801	-0.91383	1.8223
2	-2.5691	0.54849	1.5138	-0.75521	-1.646	0.98134	-0.18735	-0.6348	-1.9734
1	2.3396	0.33806	0.69458	1.1091	1.2125	0.33828	-0.35002	1.1751	2.2485
1	1.6685	-1.3783	-1.9317	-0.42944	1.2029	-1.4867	0.066998	-0.79486	1.4035
2	-2.0928	0.53632	0.66581	1.2841	-0.60555	0.040915	3.1538	-0.056627	-0.83943
1	1.5062	-0.82059	-0.74344	0.44647	0.59511	0.72422	0.62593	1.4268	1.2028
1	0.37623	-2.4777	-1.3103	0.80402	-1.0351	-0.65952	1.4683	0.29902	-0.49379
1	1.4315	-2.0349	-0.31206	0.050746	-0.13336	-0.038433	-0.51562	0.99598	0.8749
1	0.46095	-1.5658	-1.8801	-0.54485	-0.65584	0.76544	0.2493	-1.0033	0.76074
1	2.6758	-1.3401	-0.74083	-0.48907	1.4859	0.80109	0.084022	-1.1922	2.1735
1	2.0061	-1.4527	-1.0237	-0.0063521	0.45363	-0.80533	0.53272	1.6309	1.1671
2	-0.13994	1.3236	0.36193	-1.5754	0.31655	-0.87259	-0.30997	0.42034	0.078694
1	0.48288	-1.4314	-1.2834	-0.79288	-0.031895	-1.3756	1.1439	0.092314	-0.51815
2	-0.47435	0.79761	0.43073	0.79731	0.57061	-0.28187	-0.50956	0.11834	-0.90176
1	0.29318	-0.50799	-1.2929	0.33339	-1.3628	-0.65651	1.332	-0.60648	-0.83894
2	-1.606	1.6449	0.77136	-2.1167	-0.16742	1.837	0.85353	-0.61236	-0.63417
1	-0.1001	-0.77059	-1.5772	-1.6877	-0.97173	0.63499	-0.3566	0.22712	-0.64236
1	1.2767	0.51264	-1.027	-1.5029	0.52605	1.3738	0.83457	0.29704	0.33919
1	1.1191	-0.064296	-0.48267	-1.782	-1.2738	0.17159	-0.28188	0.29923	-0.58741
2	-0.63826	1.8527	1.7133	-0.056135	1.8808	-1.6172	-1.0494	0.61158	0.043977
1	1.2643	0.64783	-1.0678	0.74684	0.01604	0.0964	3.1502	1.0929	0.73344
1	0.12706	-0.4412	-0.89289	-1.3539	-0.058561	0.67775	-0.3655	0.095055	0.96019
2	-3.0835	1.5862	0.75303	-0.24237	-1.08	-0.96917	-0.3816	-0.81532	-2.8002
1	0.51225	-1.7399	-0.75798	-0.067637	-1.3492	-1.6732	0.13661	0.60332	-0.10099
2	-1.7725	0.80999	1.2954	1.1806	-0.26584	1.0747	-1.4449	-0.67675	-0.87535
1	0.14033	-1.4421	-0.77783	-0.66938	-0.73477	0.79103	-1.159	-0.063733	0.25614
2	0.076697	0.50986	1.3258	1.965	0.90572	-0.69409	-0.34803	-0.63785	0.081812
1	0.66949	-1.0812	-0.32498	1.1384	-0.35031	0.88344	1.5788	0.36127	0.94262
1	1.8522	-1.2292	0.14775	-0.72146	-0.62468	0.46004	1.3635	-0.57543	0.34048
1	1.0906	-0.60665	-0.65963	1.0382	-0.42593	1.3403	-0.15771	0.76656	-0.12989
1	0.27921	-0.21562	-0.17954	0.91419	-2.0093	1.7467	-0.4308	-1.0916	-1.2044
1	1.1757	-1.4632	0.1861	-0.99194	0.13545	2.4954	0.10044	-0.27133	0.69247
2	-0.99062	-0.018655	1.4302	0.24467	1.1165	1.0648	-1.6885	1.0959	0.95405
2	0.86302	0.92628	1.1209	2.4521	0.28548	0.38878	1.5759	-0.85559	0.53646
1	0.69515	-0.49791	-1.0236	-0.92469	-1.2116	1.3456	-0.79874	1.204	-0.56016
2	-2.4796	1.3958	0.87657	0.44706	-0.16121	1.5481	0.71852	0.27896	-0.66289
1	0.43301	-0.79901	-0.59228	0.77222	-1.3966	0.25029	1.254	0.29857	-0.62542
1	-0.27647	-1.1822	0.41671	-1.3611	-0.55777	-0.50963	-0.30934	-0.59363	0.061939
1	0.38513	-2.9318	-0.54247	0.37014	-0.073925	1.5321	0.23051	-0.57138	0.11674
2	-1.8571	0.45699	1.201	0.10404	-0.60138	-1.7736	0.42053	-0.79846	-1.4224
1	0.62359	-1.7125	-0.62582	-0.042918	-0.36669	-0.56715	-0.062339	0.89859	0.30456
2	-1.6533	0.84354	1.6735	-1.2605	-0.43289	0.48404	0.28039	0.78245	-0.57258
2	-0.080794	1.1924	1.4788	-0.67232	0.47322	1.1845	-0.012908	-1.4312	0.93776
1	0.16058	-0.57081	-2.6514	1.4884	-2.1855	0.65477	0.47093	0.15081	-1.1277
2	-1.1955	0.99242	0.9036	0.18329	0.18	-1.2844	-0.11974	0.18755	-0.45505
1	1.1671	-2.6976	-0.50301	-0.58948	-0.51739	-0.45284	-0.012968	0.20125	0.57372
1	-0.32345	-1.1455	-1.2572	0.10599	-0.55736	-0.50023	-0.14238	-0.46824	-1.259
1	-0.25853	-1.7978	-0.029919	-0.29829	-1.0868	1.6792	-1.0787	-2.2796	-0.53019
1	-0.36174	-1.3337	-1.1195	-0.31725	-0.95852	1.0132	1.7214	-1.0866	-0.13132
2	-1.1173	0.24817	1.2532	-0.7469	0.27598	-0.84941	-0.49835	0.56046	0.59012
2	0.30144	2.7931	0.91519	-0.84696	0.23668	-0.88296	0.72892	1.0513	0.19212
1	1.4905	-0.4007	-0.54397	0.15127	-0.74687	0.61323	-1.8356	0.59089	1.1093
1	-0.35132	-1.9883	-1.256	0.93049	-0.70667	-0.28659	-0.42879	-1.362	-0.50144
1	1.2429	-1.5525	-0.20626	0.072086	-0.39782	0.68157	-0.53323	1.8666	0.045473
2	-1.2196	0.14752	-0.53211	-0.7467	1.1406	-0.56244	0.29943	-1.4297	0.46157
2	-1.6198	1.9155	1.2365	-0.95186	-0.06658	0.96942	-0.18211	-0.49517	-0.41439
2	-1.0683	0.96089	1.1544	-1.6614	-0.35334	-0.4625	-0.21637	-0.32475	-0.10647
2	-1.6914	1.0877	0.4725	-1.5111	0.83773	0.32967	-0.94111	1.3745	1.1852
1	0.84313	-0.24952	-0.56678	-0.27797	-0.54407	-1.3431	-0.25809	1.282	-0.056027
1	-0.035988	-2.0608	0.40945	0.30565	-0.62316	0.29468	-0.23983	-1.3008	-0.22695
2	0.075977	1.9441	0.49189	0.37696	0.70796	-0.86073	0.4114	0.22453	0.98819
2	0.28842	1.232	0.33576	0.038484	0.8227	-0.67275	0.41736	0.022429	1.0885
1	1.6374	0.024546	-1.7459	-0.57923	0.68063	0.16658	0.0016636	0.47144	1.1552
1	1.8588	-0.93368	0.28434	-0.7861	1.8997	1.5632	0.67609	1.9808	2.1869
1	1.1439	-2.5158	-0.94428	1.3944	0.47815	1.0813	-0.82034	-0.4671	1.6872
1	-0.83643	-1.1109	0.74783	0.14825	-1.8961	0.53083	0.12628	-0.97035	-1.2131
1	0.80792	-1.2206	-0.53769	-1.9796	-2.0225	-1.3183	1.5367	-0.089998	-0.63818
1	0.46322	-1.6832	-0.68896	-0.11466	0.82291	0.49543	0.64194	-0.78985	0.7928
1	1.1134	-0.7632	-0.52309	0.050666	-0.11115	0.22091	-0.50697	-0.083966	0.28955
1	1.6489	-1.4257	-0.079768	-0.17866	1.3682	0.99716	-0.14071	0.57401	2.0271
2	-3.4201	1.1332	0.55733	1.7639	-1.0408	0.49521	-0.89075	0.63786	-2.4173
2	0.049496	0.17018	0.63955	0.82924	0.50401	1.7456	1.2791	-0.82747	-0.056268
1	0.82888	-1.6152	-0.67552	-0.18412	-0.8324	0.63814	-0.32875	0.56435	0.45993
1	0.38504	-0.014272	-0.79157	0.17829	-1.0883	0.34832	-1.2247	-0.11977	-0.48077
2	-1.4876	0.61139	0.9406	-0.32299	-0.4817	0.91219	0.97626	-0.25486	-0.64597
1	1.3562	-0.30066	-1.6972	-0.51976	-0.31725	-0.76347	0.90608	-1.1069	1.1407
2	-2.5614	0.1045	1.6435	0.97534	-1.3122	-0.7861	-0.20101	0.13606	-1.6992
2	-2.6662	0.95905	-0.35403	-0.3552	-1.8512	-0.15132	-0.41612	0.31836	-2.2106
2	-0.00031444	0.62953	0.088267	0.68222	1.0037	-0.97501	0.05455	2.1016	0.79972
2	0.22638	1.2227	1.4105	0.80602	0.55541	-1.5322	0.0043904	-0.15507	0.68087
2	-2.334	1.5675	1.163	0.272	-1.2525	0.60333	-0.37448	0.8214	-1.9516
1	1.2905	-0.88687	-1.3286	-2.4723	-0.20557	-0.46225	-0.43282	0.0080673	0.6155
1	0.4564	-0.76149	-1.0996	0.91754	-1.2544	0.85041	-1.4562	1.2935	-0.46559
1	1.4499	-0.66586	-0.35765	-1.2333	0.27339	0.71405	0.31118	0.35473	0.29444
2	-0.77922	-0.42723	1.5001	0.0051638	1.708	-1.1243	-1.7226	0.88573	1.091
1	1.4447	-0.16076	-0.43264	-1.3692	0.49062	0.72536	1.0569	-1.0645	1.0431
2	-2.1249	1.55	1.0703	-0.33715	-0.93988	-0.46815	0.37327	0.14989	-1.378
2	-2.1409	1.9364	0.89125	-1.3418	0.0029328	-0.62313	-0.08749	0.8668	-0.022832
1	1.3168	-0.52716	-1.8803	-0.036537	0.018738	-0.35049	-1.0451	0.91575	0.5615
2	-0.71066	1.9845	1.49	0.34891	1.2436	-1.4879	-0.19868	-1.2859	1.4068
1	1.5001	-2.1148	-0.77803	2.3299	1.4564	-2.0676	-0.022721	-0.10446	0.26055
2	-0.6739	0.41846	1.7318	0.68893	0.13108	-0.31544	-1.5612	1.2954	-0.92584
1	1.4702	-1.0425	0.6928	0.072418	0.54485	0.85063	0.0081416	-1.4887	1.4283
1	0.70021	-0.96049	0.073815	-0.42884	-0.069394	-0.21559	-0.026326	1.4426	-0.1714
2	-1.1011	1.959	0.42525	-1.1689	-0.59141	0.10594	0.018948	0.20462	-0.52074
1	1.4069	0.39853	1.1331	0.19914	-0.10243	0.018621	-0.43318	-0.66927	0.39015
1	0.87655	-1.0124	-1.224	-0.46666	-0.07615	0.58575	-2.5462	0.94584	0.028689
2	-1.4734	0.60836	0.57896	-0.63359	0.57633	-1.7896	0.17572	1.9757	-0.63815
1	1.0333	-1.5614	-1.5383	1.438	0.52141	0.24245	-0.53578	1.6605	1.2533
2	-0.3273	1.0926	1.1519	0.16952	1.0365	-0.23815	0.64169	0.60631	0.070148
1	1.7758	-1.2199	-0.5642	-0.30348	-0.64616	0.58837	0.3667	-0.22602	0.18959
1	1.5199	-1.4167	0.75493	-0.56876	-0.25767	-0.15304	-0.50137	0.95964	0.82786
1	1.4824	-1.6233	0.43914	-0.42964	-1.3404	0.22643	-0.1404	-0.61313	0.084143
1	0.44429	-0.57239	-0.87756	0.35081	0.18739	-0.3721	-0.026971	0.30198	0.1578
2	-0.99851	1.6131	-0.023407	0.93921	-0.39113	0.3954	0.61223	-1.5171	-0.23186
1	1.5526	-0.53216	-1.2919	0.2302	-1.4551	-0.78631	0.76506	-1.3068	-0.65802
1	0.94848	-0.51015	-1.0914	2.9383	0.26782	-0.85511	-0.60545	0.54075	0.66057
1	1.3473	-1.6193	-1.3367	0.35306	1.0269	0.9064	0.45715	1.1513	1.8352
2	-1.8273	2.0565	1.3104	0.29618	0.35044	-0.48547	0.88384	0.14121	-0.5916
1	1.5566	0.31096	-1.8396	-0.42655	1.4972	-0.77059	0.19228	-0.23885	1.1498
2	-0.91541	1.1099	-0.025734	0.51863	0.20206	-1.1191	-1.1133	0.045123	-0.50422
1	0.51812	-0.60581	-0.51525	-0.27024	-0.24289	-0.12177	0.08843	-1.1701	0.54732
2	-2.2517	1.8548	0.3887	-0.48496	-0.44221	0.94129	0.86746	-1.3026	-1.1678
2	0.18212	0.78036	0.37111	-0.27298	1.7074	0.34353	-1.4465	0.42845	1.358
1	1.4023	-2.1882	-1.587	-1.7672	-1.0834	1.6286	-1.2021	-1.6029	-0.13929
2	-1.2956	2.1152	2.7519	0.066883	1.1916	-0.43506	1.3982	0.50402	0.12064
1	2.3367	-0.27214	-1.3764	0.11017	1.453	-1.5568	0.8465	-0.078289	1.7156
2	-0.50576	1.8409	0.39684	-0.67433	0.52285	0.39823	0.79306	-0.45694	-0.26349
1	1	-0.59182	-0.31766	0.98958	-0.2262	0.51294	-0.60031	1.0725	0.59729
2	0.19153	0.8046	1.643	0.034662	0.859	0.7859	-0.32844	0.67515	0.20322
1	1.7901	-0.59357	-1.2522	-1.4543	-0.68975	0.39807	0.66376	-0.34466	1.1902
1	1.7089	-0.060397	0.35043	0.80625	0.099879	0.35182	-0.79309	-1.5215	1.0715
2	0.1343	0.95427	0.96941	1.4958	1.5293	0.80648	0.27086	0.22725	1.1392
1	2.8634	0.47861	-2.0142	0.11694	1.8637	0.021456	-0.030072	1.0836	2.0311
2	0.48387	-0.64355	1.4169	0.74074	1.2122	-1.1388	-0.27931	0.32164	0.54646
2	-0.74265	2.4938	2.0609	0.27613	0.097949	0.19312	-0.5424	0.075476	-0.43488
2	-0.29163	0.040455	0.82654	-0.28016	1.2311	1.9005	0.3332	0.84937	1.0188
1	1.4611	0.12262	-1.6808	0.83668	0.73216	-0.78731	-0.78309	0.048527	1.9664
1	0.18222	-1.1837	-0.45627	-0.39739	-1.7104	0.031619	1.0594	-0.63454	-1.8183
1	-0.65677	-0.84807	-1.6193	-0.47942	-1.0684	0.88853	-0.89937	0.52119	-1.4839
1	1.2698	-1.435	-0.63897	-0.01313	-0.99173	2.5522	-0.56152	-0.56106	-1.1274
1	1.385	-0.13768	-1.0754	-0.47919	-0.003611	-1.5125	0.052625	1.5811	-0.12839
2	-1.0548	0.052238	0.2412	0.27463	0.22433	1.4336	1.0572	0.26996	0.41029
1	0.7721	-0.67292	0.39868	0.37861	-1.4934	-0.47718	0.17927	0.85268	-0.72091
1	1.2427	-1.9735	-0.29186	-0.52621	-0.11644	-0.43715	-0.24664	-0.93071	0.31767
2	-2.8043	1.0978	1.4787	0.36056	-0.96764	0.88555	-0.15218	0.98887	-1.5008
2	-1.2951	0.83324	1.171	-1.2691	0.36927	0.76625	-0.92005	0.24768	-0.054118
2	1.3095	0.99843	0.13992	0.66979	2.1828	0.89717	-0.72625	-0.34445	2.1892
1	1.2584	0.38994	-0.68463	-0.18974	-0.78064	0.77286	-0.83635	-0.60385	0.92861
2	-1.0711	2.0033	1.0809	-0.51058	-0.023381	0.67482	-0.59591	1.1403	-0.45183
2	0.21944	1.3571	1.4359	0.78966	1.663	1.6785	0.58208	-0.74842	0.20906
1	0.011518	-1.0425	-1.1304	-0.070319	-2.5168	0.39814	-0.33423	-0.78894	-2.0357
2	0.69198	0.5718	0.47852	0.63681	1.8381	-0.38219	-0.27264	-0.64378	2.0531
1	1.7602	-0.041861	-1.5806	1.2187	0.62789	0.63859	-0.56816	1.0461	1.2766
1	1.3974	-0.72864	-1.3122	0.98553	-0.40148	0.73259	-0.54019	1.2025	0.62291
1	2.0292	-1.17	-0.92469	-0.4438	1.0769	0.3171	1.863	-1.4777	2.183
1	0.82444	-0.11125	-1.7986	0.22037	-0.58058	-0.28998	-0.36893	0.1951	-0.014686
1	-0.26775	-1.8824	-1.0596	-1.1796	-0.88341	-0.41298	0.2225	-0.34038	-1.9099
1	1.0464	-1.5432	-1.1439	-0.16887	-0.58282	-0.58015	0.071053	-2.0172	0.40629
2	0.48496	0.88721	0.068703	-0.062814	1.8539	0.76736	-0.69119	2.5673	1.7942
2	-2.5964	1.666	0.64624	0.29818	-1.2247	-1.7919	-0.46627	-0.48313	-2.4143
1	1.2985	-0.65098	0.20448	-0.94345	0.87214	-1.6734	-0.068609	-0.4095	1.9333
2	0.22616	1.0924	1.3477	0.055694	1.4254	1.8744	0.11516	1.7865	-0.63249
2	-0.088217	0.9008	0.6155	-0.80262	1.0367	0.52624	0.47333	-0.99159	1.1763
2	0.49566	0.27083	0.36027	0.81907	2.1477	-0.09016	-0.060519	-0.84038	1.2276
2	-0.95509	0.76962	1.617	-0.18465	0.54306	0.11383	-0.74663	1.2036	-0.15892
2	-2.1626	0.76688	0.61098	-0.58151	-0.48433	-1.65	-0.4727	-0.81084	-1.991
1	1.7072	-1.4061	-0.93099	0.20659	-0.6383	-0.52376	-0.59362	0.73275	0.14137
1	1.1248	-0.25303	-0.59647	0.88007	0.15399	0.51682	0.81114	0.50757	1.0622
2	-0.71804	0.42061	1.375	-0.1329	-0.13315	0.694	0.51403	0.7759	-0.19636
2	-0.78286	1.5434	1.1806	-1.684	-0.84914	-0.26491	-0.18979	-0.39503	-0.52299
2	0.014488	1.8201	0.1954	-0.95429	1.2411	-0.58396	0.55811	-0.46832	0.47374
1	1.0749	0.50186	-1.2937	-0.90643	-1.2159	-0.19162	0.7674	1.3112	0.1246
1	0.68887	-0.44578	-1.0028	-0.11492	-0.20396	0.84785	-0.15439	0.32438	-0.039298
2	0.16742	2.9261	-0.74973	-0.39068	1.7798	0.42686	-0.080223	0.42411	1.6039
1	-0.18087	-1.5505	-0.62971	0.016341	-1.5144	-1.0188	2.0846	0.043907	-1.1922
1	0.95661	-2.0166	-2.1997	0.90248	0.54062	0.041709	0.90484	-0.85369	-0.13388
2	-0.31077	0.51779	0.95641	-0.4625	1.0018	-1.0891	-1.3434	0.41807	0.50029
1	0.91328	-0.44549	-2.0298	-1.174	-1.034	0.4279	-2.5807	0.4737	-0.85271
1	-0.23575	-2.037	-0.2611	-1.4787	-2.7359	-0.17981	0.87371	0.47744	-2.3323
2	-1.4541	0.20996	-0.05013	0.84273	0.46742	1.5516	-1.0325	0.70636	0.30572
2	-1.2945	0.85979	1.4434	0.58762	0.48371	-0.71804	-0.9537	-0.78726	-0.53815
2	0.74344	0.32219	0.79813	-0.31128	2.9169	-0.23629	1.4931	-0.35416	1.8392
1	0.17191	-0.10805	-0.90104	-1.2155	-1.8461	0.41305	-1.3882	-0.70599	-1.4386
2	-0.40498	1.9161	0.64926	-0.022772	0.98396	-0.26674	1.295	1.3676	0.78339
2	-0.37054	1.509	1.6115	-0.58429	0.1452	1.167	-1.1994	0.076682	-0.76871
2	0.61117	-0.31328	1.4496	-1.0086	1.5965	-0.44863	0.87281	-0.013992	1.2945
2	-2.5627	2.5993	1.1595	-0.14098	0.0029615	0.58802	-1.7538	-0.44999	-1.599
2	-0.871	0.043195	1.076	-0.56146	0.50375	0.85785	-0.11991	0.58565	-0.12111
1	0.26437	-1.5194	-0.99247	2.0087	-0.53643	-0.028452	-0.60254	-1.0593	-0.44553
1	1.4337	-0.4955	-0.38857	1.7006	-0.029221	0.72542	-0.5476	-0.25228	0.99248
1	1.2526	-1.0033	-1.5107	-0.50129	0.52008	1.8291	0.25094	0.8054	1.4381
2	-1.2973	0.63457	0.23922	-0.83426	-0.3921	0.48332	0.6937	-0.90008	0.28163
2	-0.68226	1.0692	1.7561	0.16471	0.93344	-0.85611	0.17721	-2.744	0.79804
1	1.1524	-2.2292	-0.55308	1.0928	-0.12293	-1.1935	1.2415	-0.70506	1.079
1	0.9021	-0.91029	-2.3501	-0.4621	0.22359	0.6318	0.020605	1.0348	0.40828
2	-0.76595	0.8248	1.9282	-2.1827	0.12486	0.79045	-1.0793	0.85428	-0.38859
2	-1.8465	1.2372	1.4255	-0.64113	1.7146	1.75	1.0757	2.1723	-0.10888
1	0.4124	-0.023721	-0.75091	0.0023936	-0.28659	-0.41428	-0.016011	0.6957	0.69187
2	-0.45813	0.69702	1.7516	1.0408	0.15944	0.1227	0.38587	0.74631	-0.89003
1	0.538	-0.35454	-0.3801	-0.53212	-0.68379	1.224	-0.77711	-0.90789	0.49391
1	-0.20833	-2.8331	-1.3705	1.1197	-1.344	-0.82517	1.523	-0.91541	-0.96558
1	0.7891	-1.2808	-1.1525	0.88602	-0.16858	-1.7123	0.77873	-0.20954	-0.16867
2	-1.3314	2.8851	0.58893	1.7864	-0.23105	0.055718	-0.12725	0.76001	-1.5992
1	0.73632	-1.3301	-2.9522	0.52725	-1.08	-0.06714	-0.94698	0.45418	0.41486
1	-0.35063	-1.2931	-1.7601	0.69363	-1.4744	0.24266	-0.53511	0.79048	-1.1274
1	0.49595	-1.7854	-2.069	-0.16771	-0.40006	0.44868	-0.4303	-1.5395	-1.066
2	-0.83194	1.8975	0.64283	0.057645	-0.11672	-0.27891	0.11427	0.37462	-1.1174
1	0.13137	-1.3172	-1.3952	0.60281	-0.59451	0.40422	-1.903	0.19047	0.63287
1	0.79379	-2.4506	-0.74815	0.095119	-0.99504	0.56827	-0.27855	1.1757	-0.06042
1	-0.082568	-3.4167	0.10544	-0.46771	-0.47642	-1.255	1.1708	-1.1147	-0.49832
1	2.2039	-1.3601	-2.4033	-0.96653	0.33475	1.6743	-0.18215	0.26277	1.2449
2	-2.4832	1.2267	1.3225	-0.44129	-0.82506	-0.44882	-1.3962	-0.7991	-1.6171
2	-0.46149	0.35062	0.24453	0.83174	1.0664	-0.43189	-0.035901	-0.01857	-0.36555
1	1.3889	0.052183	-1.2924	1.3615	-0.04596	-2.3656	0.38864	-1.7679	0.75491
1	-0.68146	-1.242	-1.0646	-1.43	-1.2204	-0.57024	1.9686	-1.3026	-1.5174
2	-1.7219	1.7273	1.3099	-1.4944	0.38043	-0.45523	-0.1014	0.22334	-0.28025
1	0.4601	-1.2706	-3.0004	0.76391	-1.0926	-0.62232	-1.4501	1.8045	-0.8909
2	0.63508	0.82051	0.86771	-0.03764	2.0161	0.47394	0.72173	0.1272	0.90096
2	-0.50664	0.34365	-0.25494	-0.017548	0.40843	-0.051173	-0.39524	0.91238	-0.53873
2	-2.0811	0.89924	1.0192	0.43669	-0.49654	-0.23137	0.41548	-0.30013	-1.4364
1	-0.056347	-1.55	-0.99371	-1.2894	-0.54273	0.29751	0.20504	-0.42535	-0.30966
1	0.63831	-1.9968	-0.82023	0.55724	-2.0781	0.85777	0.23729	-0.92902	-1.6423
1	0.7966	-1.5913	-0.52401	-0.19794	-1.6834	-0.3534	-0.46345	1.1393	-0.65595
2	0.10773	-0.33975	-0.087855	0.29636	0.96272	-0.39449	-0.9227	0.43119	0.37524
1	1.0429	-2.6154	-1.0715	-0.95629	-0.89564	0.66231	0.11241	1.2325	0.32819
2	-1.6843	1.3516	0.30108	0.72455	-0.23492	1.5917	0.52992	0.55089	-0.67923
1	0.83236	-1.7333	-1.3285	-0.84552	-1.5398	0.63718	-0.92241	0.65631	-0.20652
2	-1.4221	2.5458	0.98922	-0.97179	0.27368	0.51406	0.34173	0.18592	-1.2884
2	-1.7862	0.7866	0.99765	-1.3351	0.49844	-0.43267	-0.53121	-1.4309	-0.56164
1	1.4776	-0.21831	-0.99715	-0.43224	-0.74575	-0.54461	-0.93794	0.96267	-0.10238
1	1.7229	-1.0653	-1.0424	-0.3796	0.61655	0.95133	0.98557	-0.36444	0.86756
2	-0.23995	-0.13066	0.42758	2.147	1.4597	-0.19292	-0.86687	-0.39257	0.27569
2	-0.20121	0.59656	1.9887	0.13145	0.1327	-0.19727	-0.05865	0.48741	0.25007
2	-0.34495	2.2333	1.1524	-0.3531	0.51244	-1.0083	-0.22929	0.97338	0.57683
2	0.03843	2.0985	1.5399	-0.44067	0.39468	0.66165	0.66233	2.0593	-0.89779
2	-0.79583	-0.26167	1.7969	-0.83981	0.44149	0.7226	0.89209	0.58699	-0.022219
1	0.44433	-0.9731	-1.1557	0.30092	-2.0491	-0.64077	-1.2024	0.27957	-0.594
1	-0.5687	-1.2111	-0.75535	0.14432	-2.5169	2.0343	0.43688	0.19656	-1.4058
1	0.74067	-2.7385	-0.5607	-0.1682	0.75534	-0.10032	-0.57514	-0.6271	0.86134
1	1.3443	-1.3033	-2.9093	-1.1089	0.13087	-0.64097	0.3585	0.68683	0.40175
1	0.34499	-1.2307	-1.0615	-0.056169	-0.66885	1.0018	0.82215	-1.2896	0.33605
1	1.7055	-1.6123	-1.7269	1.149	0.91344	0.15816	0.08206	-1.0272	1.1846
2	-2.257	1.8592	0.85977	1.5261	0.41802	1.6948	0.56961	2.0545	-1.7022
2	-1.1666	0.71643	1.5052	0.88419	0.97675	-1.125	0.3411	-1.8831	-0.36783
2	-2.8249	1.0453	1.0209	1.1005	-1.2481	-0.97923	-0.2972	1.2716	-1.4542
1	-0.22349	-1.4876	0.16086	1.2627	-1.3753	-1.4312	1.5506	-0.28627	-0.13164
2	-1.6498	0.87841	0.00037123	0.074895	-0.55409	-0.36662	1.0731	2.664	-0.749
2	-0.46646	0.70235	1.1324	-2.5793	0.67907	0.35468	-0.32694	-1.1455	0.56525
1	1.2694	0.46784	-1.4293	-0.50127	-2.0587	-1.8261	0.36831	1.7871	-1.5834
1	1.5754	-1.0397	-0.5639	2.0739	0.53841	-0.70667	-0.65273	1.3444	0.45546
1	-0.13986	-0.92734	0.87918	-0.72209	-0.5052	0.39414	-1.8605	0.98483	-0.37829
2	-0.95014	0.83973	1.4337	-1.1105	0.072627	-1.2172	-1.6062	0.079614	-0.040378
1	1.1359	-1.4676	-0.79366	0.068314	0.20653	-0.21332	0.8022	0.58405	0.92071
2	-4.4596	1.8899	1.1644	0.58514	-2.6451	-0.26627	1.6536	1.2677	-3.7338
1	1.5815	-1.7598	-1.5736	0.46493	0.015353	-0.31082	-2.2055	0.14685	0.11537
2	-0.79178	0.27783	0.5954	-0.78667	0.40642	0.42974	-0.63366	1.0762	0.62431
2	-1.0134	1.2166	1.1865	1.5637	1.1099	2.4594	0.40801	-0.85353	0.72663
1	0.77943	-1.4202	-1.6749	0.0012415	-0.83458	-0.12672	-0.94554	0.89884	0.012849
2	-1.4274	0.9359	0.88402	-0.76419	-0.50766	0.55146	-0.63931	-0.65644	-1.0529
2	-0.71825	0.92276	1.0007	1.2904	1.4708	-0.52982	0.9275	0.94508	0.4575
1	0.502	-1.2444	-0.25346	1.2023	0.16167	0.85576	0.034795	0.46868	1.3265
1	-0.025698	1.1754	-1.0638	1.0218	-2.0164	0.55502	-0.12178	-0.10811	-1.6111
2	-0.86777	0.31084	1.7383	0.39918	0.22035	0.14221	1.646	-0.97712	-0.59459
2	-0.19808	1.9089	0.60873	0.12475	0.10092	-0.5944	-0.66923	0.055193	0.31899
2	-1.0644	2.2357	0.13503	1.2076	1.657	-0.83795	-0.46089	0.42362	0.29853
2	-0.53265	0.76969	1.0687	-0.79048	1.1924	0.53681	-0.38366	-1.1613	0.42401
2	-1.4567	1.5038	1.7125	-1.9757	1.1075	-0.81071	0.29591	0.95985	-0.25161
2	-2.7546	-0.21024	-0.041926	-0.24552	-0.6494	1.8608	0.86785	1.3512	-0.89236
2	-0.54365	0.8237	-0.31856	-1.6296	0.73174	0.89915	0.91228	-0.66788	0.075926
1	0.65472	-2.4675	-1.2267	-0.64632	-0.24147	0.5015	-0.24368	1.7307	-0.33117
1	1.9061	-2.4358	-0.62051	-0.40306	0.35877	0.13681	0.5665	1.1077	0.90585
1	-0.34786	-0.97138	-1.3607	0.74793	-2.3185	1.1517	0.35912	-0.22501	-1.7136
1	1.509	-0.58183	-1.336	0.095131	-1.0719	-0.17454	-0.42425	0.21663	0.41672
2	-1.1281	0.73596	1.3241	0.75066	-0.0098067	0.94941	-0.88569	0.96608	-0.58258
1	2.0808	-1.2665	-0.27892	0.034005	1.5957	0.34276	-1.3939	0.20516	1.0361
2	-0.27208	1.3514	0.78429	0.54442	1.2344	-1.0745	0.28837	-0.84074	-0.20416
1	2.5732	-1.8429	0.35018	0.47113	-0.22532	-1.779	1.5326	-1.0015	1.0285
1	1.524	-2.2514	-1.7375	-0.45648	1.0921	-1.1141	1.436	0.99093	1.3581
1	0.60324	-0.46804	-0.11489	-2.454	-2.7665	0.61676	-1.5213	-1.192	-1.4163
2	0.29712	1.188	0.57954	1.3259	0.95488	-0.70707	0.067457	0.47216	1.0369
2	-0.97992	0.019053	1.3311	-0.33347	0.2814	-1.2616	0.90909	-1.0725	-0.62617
2	-0.9056	0.73973	0.35093	-2.111	-0.50769	1.2491	0.64846	-1.0716	-0.35201
1	1.3209	1.9154	-0.56509	0.70008	-1.6874	-0.92485	1.2406	1.7231	0.39622
2	0.10632	0.88089	1.1544	0.27737	2.4332	-0.063819	-0.084136	-0.58305	1.1337
1	0.7003	-1.4112	0.77725	0.95921	-1.239	-2.6684	-0.48008	-0.92359	-0.94882
2	-2.0912	0.21124	1.0428	1.3279	-0.6659	-0.89398	0.5482	-0.029518	-1.2925
2	-1.1484	2.2537	1.3423	-0.20816	0.31427	1.3603	1.6596	-0.49629	-0.63146
1	1.2996	-2.8499	-0.97843	0.57176	-1.0424	-0.30734	-1.7632	-0.64856	-0.28028
1	2.4392	-0.85404	-0.1262	-0.054289	0.1684	-1.3913	-0.4719	1.0582	1.4183
2	-2.8357	2.1818	1.307	-1.1424	-0.97969	0.53689	0.33598	-0.11592	-2.0398
2	-3.381	0.65778	0.8815	0.35115	-1.0556	-0.15942	-0.15958	0.57712	-2.8992
1	1.9169	-0.15977	-1.1239	0.80773	-0.63434	-0.77712	-0.74684	0.97499	0.8461
1	1.3703	-1.0164	0.45114	0.073799	1.259	0.40628	-0.11775	0.14354	2.0331
2	-0.57067	-0.26266	0.56169	0.65535	0.78349	-0.66788	-0.41928	-0.77901	-0.27518
1	-0.31373	-3.348	0.66363	-0.88205	-0.69595	1.0783	-1.9735	1.7579	-0.011735

