2	
14
1200	1400	
rs3664317	360	0
Ifih1	480	175
Cd1d1	160	350
Dhx58	560	350
Oas1g	180	525
Trim25	480	525
Pml	0	700
Oas3	280	875
Pglyrp3	360	1050
Parp9	240	700
Oas1a	680	875
Ifit1	780	525
Mx1	480	700
Irf7	720	700
rs3664317	2
250	150
0
5	2	3	4	5	12
1	0.9980
2	0.0020
Ifih1	1
250	150
1	1
6	3	4	6	8	10	12
-3.3510	1.0000
Cd1d1	1
250	150
2	1	2
3	6	8	9
-3.4620	0.0000
-3.3962	0.0000
-3.3304	0.0000
-3.2645	0.0000
-3.1987	0.0000
-3.1328	0.0000
-3.0670	0.0000
-3.0011	0.0000
-2.9353	0.0000
-2.8694	0.0000
-2.8036	0.0000
-2.7378	0.0001
-2.6719	0.0001
-2.6061	0.0001
-2.5402	0.0001
-2.4744	0.0002
-2.4085	0.0002
-2.3427	0.0003
-2.2768	0.0004
-2.2110	0.0006
-2.1452	0.0007
-2.0793	0.0009
-2.0135	0.0012
-1.9476	0.0016
-1.8818	0.0020
-1.8159	0.0026
-1.7501	0.0032
-1.6843	0.0041
-1.6184	0.0051
-1.5526	0.0063
-1.4867	0.0078
-1.4209	0.0097
-1.3550	0.0118
-1.2892	0.0144
-1.2233	0.0175
-1.1575	0.0210
-1.0917	0.0252
-1.0258	0.0300
-0.9600	0.0356
-0.8941	0.0419
-0.8283	0.0491
-0.7624	0.0572
-0.6966	0.0663
-0.6308	0.0765
-0.5649	0.0877
-0.4991	0.1000
-0.4332	0.1133
-0.3674	0.1278
-0.3015	0.1434
-0.2357	0.1599
-0.1698	0.1774
-0.1040	0.1957
-0.0382	0.2147
0.0277	0.2343
0.0935	0.2543
0.1594	0.2744
0.2252	0.2946
0.2911	0.3144
0.3569	0.3338
0.4227	0.3524
0.4886	0.3701
0.5544	0.3865
0.6203	0.4014
0.6861	0.4146
0.7520	0.4259
0.8178	0.4351
0.8837	0.4420
0.9495	0.4466
1.0153	0.4488
1.0812	0.4485
1.1470	0.4458
1.2129	0.4407
1.2787	0.4332
1.3446	0.4236
1.4104	0.4118
1.4763	0.3983
1.5421	0.3830
1.6079	0.3663
1.6738	0.3484
1.7396	0.3296
1.8055	0.3101
1.8713	0.2902
1.9372	0.2700
2.0030	0.2499
2.0688	0.2300
2.1347	0.2105
2.2005	0.1916
2.2664	0.1735
2.3322	0.1562
2.3981	0.1399
2.4639	0.1246
2.5298	0.1103
2.5956	0.0972
2.6614	0.0851
2.7273	0.0742
2.7931	0.0643
2.8590	0.0554
2.9248	0.0474
2.9907	0.0404
3.0565	0.0343
3.1223	0.0289
Dhx58	1
250	150
2	1	2
5	5	6	12	13	14
-3.2125	0.2772
-3.1470	0.3638
-3.0814	0.4631
-3.0159	0.5716
-2.9503	0.6843
-2.8848	0.7945
-2.8192	0.8946
-2.7536	0.9769
-2.6881	1.0347
-2.6225	1.0628
-2.5570	1.0587
-2.4914	1.0228
-2.4258	0.9583
-2.3603	0.8708
-2.2947	0.7674
-2.2292	0.6559
-2.1636	0.5437
-2.0980	0.4371
-2.0325	0.3408
-1.9669	0.2577
-1.9014	0.1890
-1.8358	0.1344
-1.7702	0.0927
-1.7047	0.0620
-1.6391	0.0402
-1.5736	0.0253
-1.5080	0.0154
-1.4425	0.0091
-1.3769	0.0052
-1.3113	0.0029
-1.2458	0.0016
-1.1802	0.0008
-1.1147	0.0004
-1.0491	0.0002
-0.9835	0.0001
-0.9180	0.0000
-0.8524	0.0000
-0.7869	0.0000
-0.7213	0.0000
-0.6557	0.0000
-0.5902	0.0000
-0.5246	0.0000
-0.4591	0.0000
-0.3935	0.0000
-0.3280	0.0000
-0.2624	0.0000
-0.1968	0.0000
-0.1313	0.0000
-0.0657	0.0000
-0.0002	0.0000
0.0654	0.0000
0.1310	0.0000
0.1965	0.0000
0.2621	0.0000
0.3276	0.0000
0.3932	0.0000
0.4588	0.0000
0.5243	0.0000
0.5899	0.0000
0.6554	0.0000
0.7210	0.0000
0.7866	0.0000
0.8521	0.0000
0.9177	0.0000
0.9832	0.0000
1.0488	0.0000
1.1143	0.0000
1.1799	0.0000
1.2455	0.0000
1.3110	0.0000
1.3766	0.0000
1.4421	0.0000
1.5077	0.0000
1.5733	0.0000
1.6388	0.0000
1.7044	0.0000
1.7699	0.0000
1.8355	0.0000
1.9011	0.0000
1.9666	0.0000
2.0322	0.0000
2.0977	0.0000
2.1633	0.0000
2.2288	0.0000
2.2944	0.0000
2.3600	0.0000
2.4255	0.0000
2.4911	0.0000
2.5566	0.0000
2.6222	0.0000
2.6878	0.0000
2.7533	0.0000
2.8189	0.0000
2.8844	0.0000
2.9500	0.0000
3.0156	0.0000
3.0811	0.0000
3.1467	0.0000
3.2122	0.0000
3.2778	0.0000
3.3434	0.0000
Oas1g	1
250	150
2	1	4
0
-3.5192	0.0005
-3.4507	0.0009
-3.3821	0.0017
-3.3135	0.0030
-3.2449	0.0053
-3.1763	0.0090
-3.1077	0.0148
-3.0391	0.0238
-2.9705	0.0371
-2.9019	0.0562
-2.8334	0.0829
-2.7648	0.1187
-2.6962	0.1652
-2.6276	0.2236
-2.5590	0.2943
-2.4904	0.3764
-2.4218	0.4681
-2.3532	0.5659
-2.2847	0.6652
-2.2161	0.7600
-2.1475	0.8442
-2.0789	0.9116
-2.0103	0.9570
-1.9417	0.9767
-1.8731	0.9691
-1.8045	0.9347
-1.7359	0.8764
-1.6674	0.7989
-1.5988	0.7080
-1.5302	0.6100
-1.4616	0.5109
-1.3930	0.4159
-1.3244	0.3292
-1.2558	0.2533
-1.1872	0.1895
-1.1186	0.1378
-1.0501	0.0974
-0.9815	0.0670
-0.9129	0.0448
-0.8443	0.0291
-0.7757	0.0184
-0.7071	0.0113
-0.6385	0.0067
-0.5699	0.0039
-0.5014	0.0022
-0.4328	0.0012
-0.3642	0.0006
-0.2956	0.0003
-0.2270	0.0002
-0.1584	0.0001
-0.0898	0.0000
-0.0212	0.0000
0.0474	0.0000
0.1159	0.0000
0.1845	0.0000
0.2531	0.0000
0.3217	0.0000
0.3903	0.0000
0.4589	0.0000
0.5275	0.0000
0.5961	0.0000
0.6646	0.0000
0.7332	0.0000
0.8018	0.0000
0.8704	0.0000
0.9390	0.0000
1.0076	0.0000
1.0762	0.0000
1.1448	0.0000
1.2134	0.0000
1.2819	0.0000
1.3505	0.0000
1.4191	0.0000
1.4877	0.0000
1.5563	0.0000
1.6249	0.0000
1.6935	0.0000
1.7621	0.0000
1.8307	0.0000
1.8992	0.0000
1.9678	0.0000
2.0364	0.0000
2.1050	0.0000
2.1736	0.0000
2.2422	0.0000
2.3108	0.0000
2.3794	0.0000
2.4479	0.0000
2.5165	0.0000
2.5851	0.0000
2.6537	0.0000
2.7223	0.0000
2.7909	0.0000
2.8595	0.0000
2.9281	0.0000
2.9967	0.0000
3.0652	0.0000
3.1338	0.0000
3.2024	0.0000
3.2710	0.0000
3.3396	0.0000
Trim25	1
250	150
3	2	3	4
3	7	9	10
-3.4748	0.0273
-3.4127	0.0331
-3.3506	0.0400
-3.2885	0.0479
-3.2263	0.0570
-3.1642	0.0675
-3.1021	0.0792
-3.0400	0.0925
-2.9779	0.1072
-2.9158	0.1235
-2.8536	0.1413
-2.7915	0.1606
-2.7294	0.1814
-2.6673	0.2034
-2.6052	0.2267
-2.5431	0.2510
-2.4810	0.2760
-2.4188	0.3015
-2.3567	0.3273
-2.2946	0.3528
-2.2325	0.3779
-2.1704	0.4021
-2.1083	0.4250
-2.0461	0.4463
-1.9840	0.4655
-1.9219	0.4824
-1.8598	0.4966
-1.7977	0.5078
-1.7356	0.5159
-1.6735	0.5207
-1.6113	0.5220
-1.5492	0.5199
-1.4871	0.5144
-1.4250	0.5056
-1.3629	0.4937
-1.3008	0.4789
-1.2386	0.4615
-1.1765	0.4417
-1.1144	0.4201
-1.0523	0.3969
-0.9902	0.3724
-0.9281	0.3472
-0.8660	0.3216
-0.8038	0.2959
-0.7417	0.2705
-0.6796	0.2456
-0.6175	0.2215
-0.5554	0.1985
-0.4933	0.1767
-0.4311	0.1562
-0.3690	0.1373
-0.3069	0.1198
-0.2448	0.1039
-0.1827	0.0894
-0.1206	0.0765
-0.0585	0.0650
0.0037	0.0549
0.0658	0.0461
0.1279	0.0384
0.1900	0.0318
0.2521	0.0261
0.3142	0.0213
0.3764	0.0173
0.4385	0.0140
0.5006	0.0112
0.5627	0.0089
0.6248	0.0070
0.6869	0.0055
0.7490	0.0043
0.8112	0.0033
0.8733	0.0026
0.9354	0.0020
0.9975	0.0015
1.0596	0.0011
1.1217	0.0008
1.1839	0.0006
1.2460	0.0005
1.3081	0.0003
1.3702	0.0002
1.4323	0.0002
1.4944	0.0001
1.5565	0.0001
1.6187	0.0001
1.6808	0.0000
1.7429	0.0000
1.8050	0.0000
1.8671	0.0000
1.9292	0.0000
1.9914	0.0000
2.0535	0.0000
2.1156	0.0000
2.1777	0.0000
2.2398	0.0000
2.3019	0.0000
2.3640	0.0000
2.4262	0.0000
2.4883	0.0000
2.5504	0.0000
2.6125	0.0000
2.6746	0.0000
2.7367	0.0000
Pml	1
250	150
1	6
2	8	9
-4.0862	0.0013
-4.0165	0.0017
-3.9468	0.0022
-3.8770	0.0028
-3.8073	0.0036
-3.7375	0.0045
-3.6678	0.0057
-3.5980	0.0071
-3.5283	0.0088
-3.4586	0.0108
-3.3888	0.0133
-3.3191	0.0162
-3.2493	0.0196
-3.1796	0.0236
-3.1098	0.0283
-3.0401	0.0337
-2.9704	0.0399
-2.9006	0.0470
-2.8309	0.0550
-2.7611	0.0640
-2.6914	0.0741
-2.6217	0.0852
-2.5519	0.0975
-2.4822	0.1109
-2.4124	0.1254
-2.3427	0.1409
-2.2729	0.1575
-2.2032	0.1750
-2.1335	0.1934
-2.0637	0.2124
-1.9940	0.2320
-1.9242	0.2519
-1.8545	0.2720
-1.7847	0.2919
-1.7150	0.3115
-1.6453	0.3305
-1.5755	0.3487
-1.5058	0.3657
-1.4360	0.3814
-1.3663	0.3954
-1.2966	0.4075
-1.2268	0.4177
-1.1571	0.4256
-1.0873	0.4311
-1.0176	0.4343
-0.9478	0.4349
-0.8781	0.4330
-0.8084	0.4286
-0.7386	0.4218
-0.6689	0.4128
-0.5991	0.4016
-0.5294	0.3884
-0.4596	0.3736
-0.3899	0.3572
-0.3202	0.3395
-0.2504	0.3209
-0.1807	0.3016
-0.1109	0.2818
-0.0412	0.2617
0.0286	0.2417
0.0983	0.2220
0.1680	0.2026
0.2378	0.1839
0.3075	0.1660
0.3773	0.1489
0.4470	0.1328
0.5167	0.1178
0.5865	0.1039
0.6562	0.0911
0.7260	0.0794
0.7957	0.0688
0.8655	0.0593
0.9352	0.0508
1.0049	0.0433
1.0747	0.0366
1.1444	0.0308
1.2142	0.0258
1.2839	0.0215
1.3537	0.0178
1.4234	0.0146
1.4931	0.0120
1.5629	0.0097
1.6326	0.0079
1.7024	0.0063
1.7721	0.0051
1.8418	0.0040
1.9116	0.0032
1.9813	0.0025
2.0511	0.0019
2.1208	0.0015
2.1906	0.0012
2.2603	0.0009
2.3300	0.0007
2.3998	0.0005
2.4695	0.0004
2.5393	0.0003
2.6090	0.0002
2.6788	0.0002
2.7485	0.0001
2.8182	0.0001
2.8880	0.0001
Oas3	1
250	150
3	2	3	7
1	9
-3.0744	0.1968
-3.0125	0.2591
-2.9506	0.3326
-2.8888	0.4165
-2.8269	0.5085
-2.7650	0.6055
-2.7031	0.7031
-2.6413	0.7962
-2.5794	0.8793
-2.5175	0.9470
-2.4556	0.9947
-2.3938	1.0188
-2.3319	1.0177
-2.2700	0.9913
-2.2081	0.9417
-2.1463	0.8724
-2.0844	0.7882
-2.0225	0.6945
-1.9606	0.5967
-1.8988	0.5000
-1.8369	0.4086
-1.7750	0.3256
-1.7132	0.2531
-1.6513	0.1918
-1.5894	0.1418
-1.5275	0.1022
-1.4657	0.0718
-1.4038	0.0492
-1.3419	0.0329
-1.2800	0.0215
-1.2182	0.0136
-1.1563	0.0085
-1.0944	0.0051
-1.0325	0.0030
-0.9707	0.0017
-0.9088	0.0010
-0.8469	0.0005
-0.7850	0.0003
-0.7232	0.0001
-0.6613	0.0001
-0.5994	0.0000
-0.5375	0.0000
-0.4757	0.0000
-0.4138	0.0000
-0.3519	0.0000
-0.2901	0.0000
-0.2282	0.0000
-0.1663	0.0000
-0.1044	0.0000
-0.0426	0.0000
0.0193	0.0000
0.0812	0.0000
0.1431	0.0000
0.2049	0.0000
0.2668	0.0000
0.3287	0.0000
0.3906	0.0000
0.4524	0.0000
0.5143	0.0000
0.5762	0.0000
0.6381	0.0000
0.6999	0.0000
0.7618	0.0000
0.8237	0.0000
0.8856	0.0000
0.9474	0.0000
1.0093	0.0000
1.0712	0.0000
1.1331	0.0000
1.1949	0.0000
1.2568	0.0000
1.3187	0.0000
1.3805	0.0000
1.4424	0.0000
1.5043	0.0000
1.5662	0.0000
1.6280	0.0000
1.6899	0.0000
1.7518	0.0000
1.8137	0.0000
1.8755	0.0000
1.9374	0.0000
1.9993	0.0000
2.0612	0.0000
2.1230	0.0000
2.1849	0.0000
2.2468	0.0000
2.3087	0.0000
2.3705	0.0000
2.4324	0.0000
2.4943	0.0000
2.5562	0.0000
2.6180	0.0000
2.6799	0.0000
2.7418	0.0000
2.8037	0.0000
2.8655	0.0000
2.9274	0.0000
2.9893	0.0000
3.0511	0.0000
3.1130	0.0000
Pglyrp3	1
250	150
4	3	6	7	8
0
-3.5690	0.0027
-3.5005	0.0034
-3.4321	0.0041
-3.3636	0.0050
-3.2951	0.0061
-3.2266	0.0074
-3.1581	0.0089
-3.0897	0.0106
-3.0212	0.0127
-2.9527	0.0150
-2.8842	0.0178
-2.8157	0.0209
-2.7472	0.0245
-2.6788	0.0285
-2.6103	0.0331
-2.5418	0.0383
-2.4733	0.0441
-2.4048	0.0505
-2.3364	0.0576
-2.2679	0.0655
-2.1994	0.0740
-2.1309	0.0833
-2.0624	0.0934
-1.9939	0.1042
-1.9255	0.1158
-1.8570	0.1281
-1.7885	0.1411
-1.7200	0.1547
-1.6515	0.1689
-1.5831	0.1835
-1.5146	0.1986
-1.4461	0.2140
-1.3776	0.2295
-1.3091	0.2450
-1.2406	0.2605
-1.1722	0.2757
-1.1037	0.2906
-1.0352	0.3049
-0.9667	0.3185
-0.8982	0.3312
-0.8298	0.3429
-0.7613	0.3535
-0.6928	0.3628
-0.6243	0.3707
-0.5558	0.3771
-0.4873	0.3819
-0.4189	0.3851
-0.3504	0.3866
-0.2819	0.3865
-0.2134	0.3846
-0.1449	0.3810
-0.0765	0.3758
-0.0080	0.3691
0.0605	0.3609
0.1290	0.3513
0.1975	0.3404
0.2660	0.3285
0.3344	0.3155
0.4029	0.3018
0.4714	0.2874
0.5399	0.2724
0.6084	0.2571
0.6769	0.2416
0.7453	0.2261
0.8138	0.2106
0.8823	0.1953
0.9508	0.1803
1.0193	0.1657
1.0877	0.1517
1.1562	0.1382
1.2247	0.1254
1.2932	0.1132
1.3617	0.1018
1.4302	0.0911
1.4986	0.0812
1.5671	0.0721
1.6356	0.0637
1.7041	0.0560
1.7726	0.0490
1.8410	0.0428
1.9095	0.0371
1.9780	0.0321
2.0465	0.0276
2.1150	0.0236
2.1835	0.0202
2.2519	0.0171
2.3204	0.0145
2.3889	0.0122
2.4574	0.0102
2.5259	0.0085
2.5943	0.0071
2.6628	0.0058
2.7313	0.0048
2.7998	0.0039
2.8683	0.0032
2.9368	0.0026
3.0052	0.0021
3.0737	0.0017
3.1422	0.0014
3.2107	0.0011
3.2792	0.0009
Parp9	1
250	150
2	2	6
1	11
-2.7999	0.3911
-2.7399	0.4346
-2.6799	0.4778
-2.6199	0.5196
-2.5599	0.5590
-2.4999	0.5949
-2.4399	0.6263
-2.3799	0.6523
-2.3199	0.6721
-2.2599	0.6850
-2.1999	0.6907
-2.1398	0.6890
-2.0798	0.6798
-2.0198	0.6636
-1.9598	0.6408
-1.8998	0.6122
-1.8398	0.5785
-1.7798	0.5408
-1.7198	0.5002
-1.6598	0.4576
-1.5998	0.4141
-1.5398	0.3708
-1.4798	0.3284
-1.4198	0.2878
-1.3598	0.2494
-1.2997	0.2139
-1.2397	0.1814
-1.1797	0.1522
-1.1197	0.1264
-1.0597	0.1038
-0.9997	0.0843
-0.9397	0.0678
-0.8797	0.0539
-0.8197	0.0424
-0.7597	0.0330
-0.6997	0.0254
-0.6397	0.0193
-0.5797	0.0145
-0.5197	0.0108
-0.4596	0.0080
-0.3996	0.0058
-0.3396	0.0042
-0.2796	0.0030
-0.2196	0.0021
-0.1596	0.0015
-0.0996	0.0010
-0.0396	0.0007
0.0204	0.0005
0.0804	0.0003
0.1404	0.0002
0.2004	0.0001
0.2604	0.0001
0.3204	0.0001
0.3805	0.0000
0.4405	0.0000
0.5005	0.0000
0.5605	0.0000
0.6205	0.0000
0.6805	0.0000
0.7405	0.0000
0.8005	0.0000
0.8605	0.0000
0.9205	0.0000
0.9805	0.0000
1.0405	0.0000
1.1005	0.0000
1.1605	0.0000
1.2206	0.0000
1.2806	0.0000
1.3406	0.0000
1.4006	0.0000
1.4606	0.0000
1.5206	0.0000
1.5806	0.0000
1.6406	0.0000
1.7006	0.0000
1.7606	0.0000
1.8206	0.0000
1.8806	0.0000
1.9406	0.0000
2.0006	0.0000
2.0607	0.0000
2.1207	0.0000
2.1807	0.0000
2.2407	0.0000
2.3007	0.0000
2.3607	0.0000
2.4207	0.0000
2.4807	0.0000
2.5407	0.0000
2.6007	0.0000
2.6607	0.0000
2.7207	0.0000
2.7807	0.0000
2.8407	0.0000
2.9008	0.0000
2.9608	0.0000
3.0208	0.0000
3.0808	0.0000
3.1408	0.0000
3.2008	0.0000
Oas1a	1
250	150
1	10
0
-3.0946	0.0747
-3.0304	0.0873
-2.9662	0.1013
-2.9019	0.1168
-2.8377	0.1338
-2.7735	0.1522
-2.7093	0.1720
-2.6450	0.1932
-2.5808	0.2155
-2.5166	0.2388
-2.4524	0.2629
-2.3881	0.2875
-2.3239	0.3124
-2.2597	0.3371
-2.1955	0.3615
-2.1312	0.3850
-2.0670	0.4074
-2.0028	0.4282
-1.9385	0.4472
-1.8743	0.4639
-1.8101	0.4780
-1.7459	0.4894
-1.6816	0.4977
-1.6174	0.5029
-1.5532	0.5047
-1.4890	0.5032
-1.4247	0.4985
-1.3605	0.4905
-1.2963	0.4795
-1.2320	0.4656
-1.1678	0.4492
-1.1036	0.4304
-1.0394	0.4098
-0.9751	0.3876
-0.9109	0.3642
-0.8467	0.3399
-0.7825	0.3152
-0.7182	0.2903
-0.6540	0.2656
-0.5898	0.2415
-0.5256	0.2181
-0.4613	0.1956
-0.3971	0.1744
-0.3329	0.1544
-0.2686	0.1358
-0.2044	0.1186
-0.1402	0.1030
-0.0760	0.0888
-0.0117	0.0761
0.0525	0.0647
0.1167	0.0547
0.1809	0.0459
0.2452	0.0383
0.3094	0.0318
0.3736	0.0262
0.4378	0.0214
0.5021	0.0174
0.5663	0.0140
0.6305	0.0113
0.6948	0.0090
0.7590	0.0071
0.8232	0.0056
0.8874	0.0044
0.9517	0.0034
1.0159	0.0026
1.0801	0.0020
1.1443	0.0015
1.2086	0.0011
1.2728	0.0009
1.3370	0.0006
1.4012	0.0005
1.4655	0.0003
1.5297	0.0003
1.5939	0.0002
1.6582	0.0001
1.7224	0.0001
1.7866	0.0001
1.8508	0.0000
1.9151	0.0000
1.9793	0.0000
2.0435	0.0000
2.1077	0.0000
2.1720	0.0000
2.2362	0.0000
2.3004	0.0000
2.3646	0.0000
2.4289	0.0000
2.4931	0.0000
2.5573	0.0000
2.6216	0.0000
2.6858	0.0000
2.7500	0.0000
2.8142	0.0000
2.8785	0.0000
2.9427	0.0000
3.0069	0.0000
3.0711	0.0000
3.1354	0.0000
3.1996	0.0000
3.2638	0.0000
3.3280	0.0000
Ifit1	1
250	150
3	1	2	4
2	13	14
-2.8983	0.9160
-2.8370	1.0549
-2.7756	1.1688
-2.7142	1.2459
-2.6528	1.2777
-2.5915	1.2606
-2.5301	1.1965
-2.4687	1.0926
-2.4073	0.9599
-2.3460	0.8113
-2.2846	0.6598
-2.2232	0.5161
-2.1618	0.3885
-2.1005	0.2813
-2.0391	0.1960
-1.9777	0.1313
-1.9164	0.0847
-1.8550	0.0525
-1.7936	0.0313
-1.7322	0.0180
-1.6709	0.0099
-1.6095	0.0053
-1.5481	0.0027
-1.4867	0.0013
-1.4254	0.0006
-1.3640	0.0003
-1.3026	0.0001
-1.2412	0.0001
-1.1799	0.0000
-1.1185	0.0000
-1.0571	0.0000
-0.9957	0.0000
-0.9344	0.0000
-0.8730	0.0000
-0.8116	0.0000
-0.7502	0.0000
-0.6889	0.0000
-0.6275	0.0000
-0.5661	0.0000
-0.5047	0.0000
-0.4434	0.0000
-0.3820	0.0000
-0.3206	0.0000
-0.2592	0.0000
-0.1979	0.0000
-0.1365	0.0000
-0.0751	0.0000
-0.0137	0.0000
0.0476	0.0000
0.1090	0.0000
0.1704	0.0000
0.2318	0.0000
0.2931	0.0000
0.3545	0.0000
0.4159	0.0000
0.4773	0.0000
0.5386	0.0000
0.6000	0.0000
0.6614	0.0000
0.7228	0.0000
0.7841	0.0000
0.8455	0.0000
0.9069	0.0000
0.9682	0.0000
1.0296	0.0000
1.0910	0.0000
1.1524	0.0000
1.2137	0.0000
1.2751	0.0000
1.3365	0.0000
1.3979	0.0000
1.4592	0.0000
1.5206	0.0000
1.5820	0.0000
1.6434	0.0000
1.7047	0.0000
1.7661	0.0000
1.8275	0.0000
1.8889	0.0000
1.9502	0.0000
2.0116	0.0000
2.0730	0.0000
2.1344	0.0000
2.1957	0.0000
2.2571	0.0000
2.3185	0.0000
2.3799	0.0000
2.4412	0.0000
2.5026	0.0000
2.5640	0.0000
2.6254	0.0000
2.6867	0.0000
2.7481	0.0000
2.8095	0.0000
2.8709	0.0000
2.9322	0.0000
2.9936	0.0000
3.0550	0.0000
3.1164	0.0000
3.1777	0.0000
3.2391	0.0000
Mx1	1
250	150
2	4	12
0
-3.1709	0.1330
-3.0983	0.1643
-3.0258	0.2000
-2.9533	0.2398
-2.8808	0.2834
-2.8082	0.3299
-2.7357	0.3785
-2.6632	0.4278
-2.5907	0.4764
-2.5181	0.5228
-2.4456	0.5653
-2.3731	0.6022
-2.3006	0.6321
-2.2280	0.6538
-2.1555	0.6662
-2.0830	0.6690
-2.0105	0.6619
-1.9379	0.6452
-1.8654	0.6197
-1.7929	0.5865
-1.7204	0.5469
-1.6479	0.5024
-1.5753	0.4548
-1.5028	0.4057
-1.4303	0.3566
-1.3578	0.3088
-1.2852	0.2635
-1.2127	0.2215
-1.1402	0.1835
-1.0677	0.1497
-0.9951	0.1204
-0.9226	0.0954
-0.8501	0.0745
-0.7776	0.0573
-0.7050	0.0434
-0.6325	0.0324
-0.5600	0.0239
-0.4875	0.0173
-0.4149	0.0124
-0.3424	0.0087
-0.2699	0.0060
-0.1974	0.0041
-0.1248	0.0028
-0.0523	0.0018
0.0202	0.0012
0.0927	0.0008
0.1653	0.0005
0.2378	0.0003
0.3103	0.0002
0.3828	0.0001
0.4554	0.0001
0.5279	0.0000
0.6004	0.0000
0.6729	0.0000
0.7455	0.0000
0.8180	0.0000
0.8905	0.0000
0.9630	0.0000
1.0356	0.0000
1.1081	0.0000
1.1806	0.0000
1.2531	0.0000
1.3257	0.0000
1.3982	0.0000
1.4707	0.0000
1.5432	0.0000
1.6158	0.0000
1.6883	0.0000
1.7608	0.0000
1.8333	0.0000
1.9059	0.0000
1.9784	0.0000
2.0509	0.0000
2.1234	0.0000
2.1959	0.0000
2.2685	0.0000
2.3410	0.0000
2.4135	0.0000
2.4860	0.0000
2.5586	0.0000
2.6311	0.0000
2.7036	0.0000
2.7761	0.0000
2.8487	0.0000
2.9212	0.0000
2.9937	0.0000
3.0662	0.0000
3.1388	0.0000
3.2113	0.0000
3.2838	0.0000
3.3563	0.0000
3.4289	0.0000
3.5014	0.0000
3.5739	0.0000
3.6464	0.0000
3.7190	0.0000
3.7915	0.0000
3.8640	0.0000
3.9365	0.0000
4.0091	0.0000
4.0816	0.0000
Irf7	1
250	150
2	4	12
0
-3.9154	0.0040
-3.8440	0.0068
-3.7726	0.0113
-3.7012	0.0181
-3.6298	0.0282
-3.5583	0.0429
-3.4869	0.0635
-3.4155	0.0916
-3.3441	0.1284
-3.2727	0.1753
-3.2013	0.2330
-3.1299	0.3015
-3.0585	0.3798
-2.9871	0.4657
-2.9157	0.5560
-2.8443	0.6461
-2.7729	0.7310
-2.7015	0.8051
-2.6301	0.8632
-2.5587	0.9010
-2.4873	0.9155
-2.4159	0.9056
-2.3445	0.8721
-2.2730	0.8175
-2.2016	0.7461
-2.1302	0.6628
-2.0588	0.5732
-1.9874	0.4827
-1.9160	0.3956
-1.8446	0.3157
-1.7732	0.2452
-1.7018	0.1854
-1.6304	0.1365
-1.5590	0.0978
-1.4876	0.0682
-1.4162	0.0463
-1.3448	0.0306
-1.2734	0.0197
-1.2020	0.0124
-1.1306	0.0075
-1.0592	0.0045
-0.9878	0.0026
-0.9163	0.0015
-0.8449	0.0008
-0.7735	0.0004
-0.7021	0.0002
-0.6307	0.0001
-0.5593	0.0001
-0.4879	0.0000
-0.4165	0.0000
-0.3451	0.0000
-0.2737	0.0000
-0.2023	0.0000
-0.1309	0.0000
-0.0595	0.0000
0.0119	0.0000
0.0833	0.0000
0.1547	0.0000
0.2261	0.0000
0.2975	0.0000
0.3690	0.0000
0.4404	0.0000
0.5118	0.0000
0.5832	0.0000
0.6546	0.0000
0.7260	0.0000
0.7974	0.0000
0.8688	0.0000
0.9402	0.0000
1.0116	0.0000
1.0830	0.0000
1.1544	0.0000
1.2258	0.0000
1.2972	0.0000
1.3686	0.0000
1.4400	0.0000
1.5114	0.0000
1.5828	0.0000
1.6543	0.0000
1.7257	0.0000
1.7971	0.0000
1.8685	0.0000
1.9399	0.0000
2.0113	0.0000
2.0827	0.0000
2.1541	0.0000
2.2255	0.0000
2.2969	0.0000
2.3683	0.0000
2.4397	0.0000
2.5111	0.0000
2.5825	0.0000
2.6539	0.0000
2.7253	0.0000
2.7967	0.0000
2.8681	0.0000
2.9396	0.0000
3.0110	0.0000
3.0824	0.0000
3.1538	0.0000
3.2252	0.0000
