19	
19
2100	1800	
BatVolt	788	0
PlugVolt	998	180
StMotor	788	360
Alter	998	540
MFuse	788	720
Charging	472	900
Starter	998	900
Cranks	0	1080
Dist	1523	900
GasFilter	263	1080
GasTank	525	1080
Fuel	472	1260
AirFilter	788	1080
Air	998	1260
Plugs	1050	1080
SpkQual	1523	1260
Starts	788	1440
Timing	1313	1080
BatAge	1575	1080
BatVolt	3
250	150
0
10	2	3	4	5	6	7	8	9	16	17
1	0.4186
2	0.1642
3	0.4172
PlugVolt	3
250	150
1	1
9	3	4	5	6	7	8	9	16	17
1	0.3716
2	0.1684
3	0.4600
StMotor	2
250	150
2	1	2
11	4	5	7	10	11	12	13	14	15	18	19
1	0.9982
2	0.0018
Alter	2
250	150
3	1	2	3
10	5	6	9	10	11	13	14	15	18	19
1	0.9985
2	0.0015
MFuse	2
250	150
4	1	2	3	4
14	6	7	8	9	10	11	12	13	14	15	16	17	18	19
1	1.0000
2	0.0000
Charging	2
250	150
4	1	2	4	5
0
1	0.5027
2	0.4973
Starter	2
250	150
4	1	2	3	5
1	8
1	0.5996
2	0.4004
Cranks	2
250	150
4	1	2	5	7
0
1	0.4861
2	0.5139
Dist	2
250	150
4	1	2	4	5
6	10	11	13	15	18	19
1	0.9948
2	0.0052
GasFilter	2
250	150
4	3	4	5	9
1	12
1	0.9736
2	0.0264
GasTank	2
250	150
4	3	4	5	9
1	12
1	0.9048
2	0.0952
Fuel	2
250	150
4	3	5	10	11
0
1	0.7770
2	0.2230
AirFilter	2
250	150
4	3	4	5	9
1	14
1	0.9045
2	0.0955
Air	2
250	150
4	3	4	5	13
0
1	0.8304
2	0.1696
Plugs	3
250	150
4	3	4	5	9
1	16
1	0.6923
2	0.0968
3	0.2108
SpkQual	2
250	150
4	1	2	5	15
1	17
1	0.2573
2	0.7427
Starts	2
250	150
4	1	2	5	16
0
1	0.2504
2	0.7496
Timing	2
250	150
4	3	4	5	9
0
1	0.9080
2	0.0920
BatAge	1
250	150
4	3	4	5	9
0
-1.3159	1.0000
