Dist	0.9910	0.0090
BatAge	0.0437	0.0524	0.0623	0.0736	0.0862	0.1001	0.1155	0.1321	0.1499	0.1689	0.1888	0.2093	0.2303	0.2515	0.2725	0.2929	0.3124	0.3306	0.3471	0.3617	0.3740	0.3836	0.3905	0.3944	0.3952	0.3930	0.3877	0.3795	0.3687	0.3553	0.3398	0.3225	0.3036	0.2837	0.2629	0.2419	0.2207	0.1999	0.1796	0.1601	0.1417	0.1243	0.1083	0.0936	0.0803	0.0683	0.0576	0.0483	0.0401	0.0331	0.0271	0.0220	0.0177	0.0142	0.0112	0.0088	0.0069	0.0054	0.0041	0.0031	0.0024	0.0018	0.0013	0.0010	0.0007	0.0005	0.0004	0.0003	0.0002	0.0001	0.0001	0.0001	0.0000	0.0000	0.0000	0.0000	0.0000	0.0000	0.0000	0.0000	0.0000	0.0000	0.0000	0.0000	0.0000	0.0000	0.0000	0.0000	0.0000	0.0000	0.0000	0.0000	0.0000	0.0000	0.0000	0.0000	0.0000	0.0000	0.0000	0.0000	0.0000
Timing	0.9053	0.0947
Plugs	0.6922	0.0970	0.2109
AirFilter	0.9040	0.0960
GasTank	0.9031	0.0969
GasFilter	0.9725	0.0275
SpkQual	0.2568	0.7432
Starts	0.2497	0.7503
MFuse	0.9990	0.0010
Starter	0.5977	0.4023
Charging	0.5024	0.4976
Cranks	0.4848	0.5152
Air	0.8301	0.1699
Fuel	0.7756	0.2244
Alter	0.9970	0.0030
StMotor	0.9955	0.0045
PlugVolt	0.3706	0.1678	0.4616
BatVolt	0.4184	0.1639	0.4177
