Starts	Dist	SpkQual	MFuse	Alter	Starter	StMotor	BatAge	Charging	PlugVolt	BatVolt	Timing	Cranks	Plugs	AirFilter	Air	Fuel	GasTank	GasFilter
2	2	2	2	2	2	2	1	2	3	3	2	2	3	2	2	2	2	2
2	2	2	2	2	2	2	1	2	3	3	2	2	3	2	2	2	2	2
1	1	1	1	1	1	1	1.09219	1	1	1	1	1	1	1	1	1	1	1
2	1	2	1	1	2	1	8.35719	1	3	3	1	2	1	1	1	2	1	1
2	1	1	1	1	2	1	4.87697	1	1	1	1	2	1	1	1	1	1	1
2	1	2	1	1	2	1	3.40886	2	3	3	1	2	1	1	1	2	1	1
1	1	1	1	1	1	1	0.823531	1	1	1	1	1	1	1	1	2	1	1
1	1	1	1	1	1	1	1.29151	1	1	1	1	1	1	1	1	1	1	1
2	1	1	1	1	1	1	3.2245	1	1	1	1	2	1	1	1	2	1	1
2	2	2	1	1	2	1	3.32396	1	3	1	2	2	2	1	2	1	1	1
2	1	2	1	1	2	1	4.81455	2	3	3	1	2	3	1	1	1	1	1
2	1	2	1	1	1	1	1.8855	2	2	2	2	1	1	2	2	1	1	1
2	1	2	1	1	2	1	3.16074	2	3	3	1	2	1	1	1	1	1	1
2	1	1	1	1	1	1	1.32025	1	1	1	2	1	1	1	2	1	1	1
2	1	1	1	1	1	1	0.725881	1	1	1	1	2	1	1	1	1	1	1
2	1	2	1	1	2	1	9.15429	2	3	3	1	2	1	1	2	2	1	2
2	1	2	1	1	1	1	1.29503	2	3	2	1	1	1	1	1	1	1	1
1	1	1	1	1	1	1	1.55555	1	1	1	1	1	1	1	1	1	1	1
1	1	1	1	1	1	1	0.899695	2	1	1	1	1	1	2	2	1	1	1
2	1	2	1	1	2	1	0.972723	2	3	3	1	2	1	1	1	1	1	1
2	1	2	1	1	2	1	3.62187	2	3	3	2	2	3	1	1	1	1	1
1	1	2	1	1	1	1	7.11136	1	1	1	1	1	2	1	1	1	1	1
1	1	1	1	1	1	1	1.10928	1	1	1	1	1	1	1	1	1	1	1
2	1	2	1	1	2	1	2.61643	2	3	3	1	2	1	1	1	1	1	1
2	1	2	1	1	2	1	6.2605	1	2	2	1	2	1	1	2	1	1	1
2	1	2	1	1	2	1	8.55173	1	1	1	1	2	3	1	1	1	1	1
1	1	1	1	1	1	1	1.86787	1	1	1	1	1	1	1	1	1	1	1
2	1	2	1	1	1	1	1.23631	1	3	1	1	2	3	1	1	1	1	1
2	1	2	1	1	1	1	0.728145	1	1	1	1	2	3	1	1	1	1	1
2	1	2	1	1	2	1	4.66434	2	3	3	1	2	3	2	2	1	1	1
2	1	2	1	1	1	1	3.56254	2	3	3	1	1	2	1	1	2	2	1
2	1	2	1	1	2	1	2.63999	2	3	3	1	2	3	1	2	2	2	1
2	1	2	1	1	2	1	0.715897	2	3	3	1	2	2	1	1	1	1	1
2	1	2	1	1	2	1	1.85198	2	3	3	1	2	2	1	1	2	2	1
2	1	1	1	1	1	1	3.63826	1	1	1	1	1	1	2	2	2	1	1
2	1	2	1	1	1	1	7.73862	2	3	3	1	1	3	1	1	2	2	1
2	1	2	1	1	2	1	10.1699	2	3	3	1	2	1	1	1	1	1	1
2	1	1	1	1	2	2	2.97722	1	1	1	1	2	1	1	1	1	1	1
2	1	2	1	1	1	1	4.50117	2	2	2	1	1	3	1	1	1	1	1
2	1	2	1	1	1	1	0.640869	2	2	2	1	2	1	1	1	1	1	1
2	1	2	1	1	1	1	1.72775	1	3	1	1	2	1	1	1	1	1	1
2	1	2	1	1	2	1	5.46047	2	3	3	1	2	3	1	1	1	1	1
2	1	2	1	1	1	1	2.21929	1	2	2	1	2	2	1	1	2	1	1
1	1	1	1	1	1	1	0.438026	1	1	1	1	1	1	1	1	1	1	1
1	1	1	1	1	1	1	0.0684539	1	1	1	1	1	1	1	1	1	1	1
2	1	2	1	1	2	1	4.15012	2	3	3	1	2	2	1	1	1	1	1
2	1	2	1	1	2	1	0.161533	2	3	3	1	2	1	1	1	1	1	1
2	1	2	1	1	2	1	1.11862	2	3	3	1	2	2	1	1	2	1	2
2	1	1	1	1	1	1	0.410719	1	1	1	1	2	1	1	1	2	1	1
2	1	2	1	1	2	1	0.0322208	2	3	3	1	2	1	1	1	2	2	1
1	1	1	1	1	1	1	3.37212	1	1	1	1	1	1	1	1	1	1	1
1	1	1	1	1	1	1	2.78532	1	1	1	1	1	1	1	1	1	1	1
1	1	1	1	1	1	1	1.40432	1	1	1	1	1	1	2	1	1	1	1
2	1	2	1	1	2	1	3.22403	2	3	3	1	1	3	1	1	2	1	1
2	1	2	1	1	2	1	1.7234	2	3	3	1	2	1	1	2	1	1	1
2	1	2	1	1	2	1	0.674939	2	3	3	1	2	1	1	1	1	1	1
1	1	1	1	1	1	1	6.9812	1	1	1	1	1	1	1	1	1	1	1
1	1	1	1	1	1	1	1.82705	1	1	1	1	1	1	1	1	1	1	1
2	1	2	1	1	2	1	0.935587	2	3	3	1	2	1	1	1	1	1	1
2	1	2	1	1	1	1	0.992564	1	1	1	1	1	3	1	1	1	1	1
2	1	2	1	1	2	1	3.47892	1	2	2	1	2	1	1	1	1	1	1
2	1	2	1	1	1	1	6.52634	1	2	2	1	2	1	1	1	1	1	1
2	1	2	1	1	1	1	3.68841	1	1	1	1	1	3	1	1	2	2	1
1	1	2	1	1	1	1	0.50506	2	2	2	1	1	1	1	1	1	1	1
2	1	2	1	1	1	1	4.33453	1	2	2	1	2	3	1	1	2	1	1
2	1	2	1	1	1	1	3.39695	2	2	2	2	2	1	1	1	1	1	1
2	1	2	1	1	1	1	0.482289	1	2	1	1	2	2	1	1	1	1	1
2	1	2	1	1	2	1	0.385094	2	3	3	1	2	1	1	1	1	1	1
1	1	1	1	1	1	1	3.92753	1	1	1	1	1	1	1	1	1	1	1
2	1	2	1	1	2	1	9.63027	2	3	3	1	2	1	1	1	2	2	1
1	1	1	1	1	1	1	1.77681	1	1	1	1	1	1	1	1	1	1	1
2	1	2	1	1	1	1	15.8749	2	2	2	1	1	1	2	2	1	1	1
1	1	1	1	1	1	1	0.863939	1	1	1	1	1	1	1	1	1	1	1
2	1	2	1	1	1	1	3.5007	2	3	2	1	1	1	1	1	1	1	1
1	1	1	1	1	1	1	1.46447	1	1	1	2	1	1	2	2	1	1	1
2	1	2	1	1	1	1	4.00622	2	2	2	1	1	3	1	1	2	1	1
1	1	2	1	1	1	1	2.62894	1	1	1	1	1	2	1	1	1	1	1
1	1	1	1	1	1	1	0.772251	1	1	1	1	1	1	1	1	1	1	1
1	1	1	1	1	1	1	0.254104	1	1	1	1	1	1	1	2	1	1	1
2	1	2	1	1	1	1	1.35669	1	1	1	1	1	3	1	1	2	2	1
1	1	1	1	1	1	1	0.408515	1	1	1	1	1	1	1	1	1	1	1
2	1	2	1	1	2	1	4.73523	2	3	3	1	2	3	1	1	1	1	1
2	1	2	1	1	2	1	4.84404	2	3	3	1	2	1	1	1	1	1	1
2	2	2	1	1	2	1	3.08909	2	3	3	2	2	1	1	1	2	2	1
2	1	1	1	1	1	1	0.500373	1	1	1	2	1	1	1	2	1	1	1
1	1	2	1	1	1	1	1.42352	1	1	1	1	1	3	2	1	1	1	1
2	1	2	1	1	2	1	3.19283	2	2	2	1	2	1	1	1	1	1	1
2	1	2	1	1	2	1	2.65803	2	3	3	1	2	1	1	1	2	1	2
1	1	1	1	1	1	1	4.35117	1	1	1	1	1	1	1	1	1	1	1
2	1	1	1	1	1	1	0.448913	1	1	1	1	1	1	1	1	2	2	1
2	1	2	1	1	2	1	4.59592	2	3	3	1	2	1	1	1	1	1	1
2	1	2	1	1	1	1	4.68035	1	1	1	1	1	3	2	2	2	2	1
2	1	2	1	1	1	1	6.86362	2	3	3	1	2	1	1	1	1	1	1
1	1	1	1	1	1	1	1.88662	1	1	1	1	1	1	1	2	1	1	1
2	1	2	1	1	1	1	6.67913	2	3	3	1	2	3	1	1	1	1	1
2	1	2	1	1	1	1	1.72634	1	2	1	1	2	1	1	1	1	1	1
2	1	1	1	1	1	1	1.01307	1	1	1	1	2	1	1	1	1	1	1
2	1	2	1	1	2	1	1.1309	2	3	3	1	2	1	1	1	1	1	1
2	1	2	1	1	1	1	2.38128	2	2	2	1	1	1	1	1	2	1	1
2	1	2	1	1	2	1	2.01195	1	3	3	1	2	3	1	1	1	1	1
2	1	2	1	1	1	1	4.91973	2	3	3	1	1	2	1	1	2	1	1
2	1	1	1	1	1	1	3.45795	1	1	1	2	2	1	1	1	1	1	1
1	1	1	1	1	1	1	1.66261	1	1	1	2	1	1	1	1	1	1	1
2	1	2	1	1	2	1	12.2823	1	3	3	1	1	1	1	1	2	1	1
2	1	2	1	1	2	1	4.98365	2	3	3	1	2	2	1	1	1	1	1
2	1	2	1	1	1	1	2.28812	1	1	1	1	1	2	1	1	2	2	1
2	1	2	1	1	1	1	1.98491	2	2	2	2	1	3	1	1	2	1	1
1	1	1	1	1	1	1	0.441825	1	1	1	1	1	1	1	1	1	1	1
2	1	2	1	1	1	1	6.80856	2	3	3	1	2	1	1	1	1	1	1
2	1	2	1	1	1	1	1.14798	1	3	1	2	1	1	2	1	1	1	1
2	1	2	1	1	2	1	3.47334	2	3	3	1	2	2	1	1	1	1	1
2	1	2	1	1	2	1	4.29814	1	3	3	1	1	1	1	1	2	1	1
1	1	2	1	1	1	1	2.14065	1	1	1	1	1	3	1	1	1	1	1
2	1	1	1	1	1	1	1.96168	1	1	1	1	2	1	1	1	1	1	1
2	1	2	1	1	2	1	3.7237	2	3	3	1	2	3	1	2	1	1	1
1	1	1	1	1	1	1	1.11832	1	1	1	2	1	1	1	1	1	1	1
2	1	2	1	1	2	1	4.56047	2	3	3	1	2	1	1	1	1	1	1
2	1	2	1	1	1	1	0.452531	1	1	1	1	1	3	1	1	1	1	1
2	1	2	1	1	2	1	4.76471	2	3	3	2	2	1	1	1	1	1	1
1	1	2	1	1	1	1	3.72712	1	1	1	1	1	3	1	1	1	1	1
2	1	2	1	1	2	1	1.60393	2	3	3	1	2	3	1	1	1	1	1
2	1	2	1	1	1	1	2.22538	1	1	1	1	1	3	1	1	2	2	1
1	1	1	1	1	1	1	0.778349	1	1	1	1	1	1	1	2	1	1	1
2	1	2	1	1	1	1	0.136355	2	3	3	1	1	1	1	1	1	1	1
2	1	2	1	1	1	1	0.559837	2	2	2	1	2	1	1	2	1	1	1
2	1	2	1	1	2	2	1.5521	2	3	3	2	2	1	1	1	2	2	2
1	1	1	1	1	1	1	1.1683	1	1	1	1	1	1	1	2	1	1	1
2	1	2	1	1	2	1	3.20792	2	3	3	1	2	1	1	1	1	1	1
2	1	2	1	1	1	1	0.0294523	2	2	2	1	1	3	1	1	2	2	1
2	1	1	1	1	1	1	1.51016	1	1	1	1	2	1	1	1	2	1	1
2	1	2	1	1	1	1	1.46157	2	2	2	1	1	1	1	1	2	2	1
2	1	2	1	1	1	1	7.31961	2	3	3	1	1	3	1	1	1	1	1
2	1	2	1	1	1	1	2.25565	1	2	2	1	1	1	1	1	2	2	1
2	1	2	1	1	1	1	0.332537	1	3	1	1	1	1	1	1	1	1	1
2	1	2	1	1	2	1	1.16328	2	3	3	1	2	1	2	2	2	2	1
1	1	2	1	1	1	1	4.18322	1	1	1	1	1	3	1	1	1	1	1
2	1	2	1	1	2	1	8.04276	2	3	3	1	2	1	1	1	1	1	1
1	1	1	1	1	1	1	4.12436	1	1	1	1	1	1	1	1	1	1	1
1	1	1	1	1	1	1	1.66478	1	1	1	1	1	1	1	1	1	1	1
1	1	2	1	1	1	1	6.44237	1	1	1	1	1	3	1	1	1	1	1
2	1	2	1	1	2	1	3.30168	2	3	3	1	1	2	2	2	1	1	1
1	1	1	1	1	1	1	2.57221	1	1	1	1	1	1	1	1	1	1	1
2	1	1	1	1	1	1	1.5302	1	1	1	1	2	1	1	1	1	1	1
2	1	2	1	1	1	1	2.23714	2	3	3	1	1	1	1	2	2	2	1
2	1	2	1	1	2	1	8.72277	2	3	3	1	2	1	1	1	1	1	1
1	1	2	1	1	1	1	5.18702	1	1	1	1	1	2	1	1	1	1	1
2	1	2	1	1	2	1	4.1361	1	3	3	1	2	3	1	1	1	1	1
2	1	2	1	1	1	1	4.03663	2	2	2	1	1	3	1	1	1	1	1
2	1	2	1	1	2	1	2.09322	2	3	3	1	2	3	1	1	1	1	1
2	1	2	1	1	2	1	1.87756	2	3	3	2	2	1	1	1	2	1	1
2	1	2	1	1	2	1	14.1937	2	3	3	1	2	1	1	1	1	1	1
2	1	2	1	1	1	1	3.41049	1	1	1	1	1	3	1	1	2	2	1
1	1	1	1	1	1	1	2.93445	1	1	1	1	1	1	1	1	1	1	1
2	1	2	1	1	1	1	10.5414	1	2	2	1	1	1	1	2	1	1	1
2	1	2	1	1	2	1	4.09177	2	3	3	1	2	1	1	1	1	1	1
1	1	1	1	1	1	1	2.39508	1	1	1	1	1	1	1	2	1	1	1
2	1	2	1	1	2	1	3.50173	2	3	3	1	2	3	1	1	1	1	1
2	1	2	1	1	1	1	6.21675	1	3	2	1	1	1	1	1	1	1	1
2	1	2	1	1	1	1	0.703114	1	2	2	2	2	1	1	1	2	1	1
2	1	2	1	1	1	1	0.894215	2	3	2	1	1	3	1	2	1	1	1
2	1	2	1	1	1	1	1.0471	1	2	2	1	1	3	1	1	1	1	1
1	1	1	1	1	1	1	1.31589	1	1	1	1	1	1	1	1	1	1	1
2	1	2	1	1	1	1	4.68824	1	2	1	1	2	1	1	1	2	2	2
2	1	2	1	1	2	1	5.48787	2	3	3	1	2	1	1	1	1	1	1
1	1	2	1	1	1	1	3.34192	1	1	1	2	1	3	1	1	1	1	1
2	1	2	1	1	2	1	9.5016	2	3	3	1	2	1	1	1	2	1	2
2	1	2	1	1	2	1	6.07059	2	3	3	1	2	1	1	1	1	1	1
1	1	1	1	1	1	1	19.5523	1	1	1	1	1	1	1	1	1	1	1
2	1	2	1	1	2	1	4.31889	2	3	3	2	2	1	1	1	1	1	1
2	1	2	1	1	1	1	1.87967	1	1	1	1	2	3	1	1	1	1	1
2	1	2	1	1	2	1	2.77823	2	3	3	1	2	1	1	1	1	1	1
1	1	2	1	1	1	1	3.5956	1	1	1	1	1	3	1	1	1	1	1
2	1	1	1	1	1	1	1.31325	1	1	1	1	2	1	1	1	1	1	1
2	1	2	1	1	1	1	1.75989	2	2	2	1	2	1	1	1	1	1	1
1	1	1	1	1	1	1	0.621366	1	1	1	1	1	1	1	2	1	1	1
2	1	2	1	1	1	1	3.14788	2	2	2	1	1	1	1	1	2	1	1
2	1	2	1	1	2	1	2.41881	2	3	3	1	2	3	1	1	1	1	1
2	1	2	1	1	2	1	4.3647	2	3	3	1	2	3	1	1	2	1	1
2	1	2	1	1	1	1	0.227306	2	2	2	1	1	3	1	1	1	1	1
2	1	2	1	1	2	1	0.0613263	2	3	3	1	2	1	1	1	1	1	1
2	1	2	1	1	2	1	13.2932	2	3	3	1	2	1	1	1	1	1	1
2	1	2	1	1	1	1	1.64929	1	1	1	1	2	3	1	1	1	1	1
2	1	2	1	1	2	1	7.26046	2	3	3	1	2	1	1	1	2	1	1
1	1	2	1	1	1	1	0.198224	1	1	1	1	1	3	1	1	1	1	1
2	1	2	1	1	2	1	6.24718	2	3	3	1	2	2	1	1	2	1	1
1	1	1	1	1	1	1	0.818786	1	1	1	1	1	1	1	1	1	1	1
2	1	2	1	1	2	1	0.367484	2	3	3	2	2	1	2	2	1	1	1
2	1	2	1	1	1	1	3.24863	1	3	1	1	1	1	1	1	1	1	1
1	1	1	1	1	1	1	3.67769	1	1	1	1	1	1	1	1	1	1	1
2	1	2	1	1	1	1	0.659442	1	3	1	1	1	3	1	1	1	1	1
2	1	2	1	1	2	1	3.40058	2	3	3	1	2	1	1	1	1	1	1
2	1	1	1	1	1	1	2.95923	1	1	1	2	2	1	1	1	1	1	1
2	1	2	1	1	1	1	4.80303	1	1	1	1	2	2	1	1	2	1	1
1	1	1	1	1	1	1	4.64104	1	1	1	1	1	1	1	1	1	1	1
2	1	2	1	1	2	1	6.81146	1	3	3	1	2	2	1	1	1	1	1
1	1	1	1	1	1	1	1.74035	1	1	1	1	1	1	1	1	1	1	1
2	1	2	1	1	1	1	3.33846	2	2	2	1	2	1	1	2	1	1	1
2	1	2	1	1	1	1	10.5625	1	2	2	1	1	3	1	2	1	1	1
2	1	2	1	1	1	1	1.75197	2	2	2	2	2	3	1	1	1	1	1
2	1	2	1	1	1	1	2.57664	1	2	2	1	1	2	2	2	2	1	1
1	1	2	1	1	1	1	1.31431	1	1	1	1	1	3	1	1	1	1	1
2	1	2	1	1	1	1	0.703583	1	2	1	1	1	1	1	1	2	2	1
2	1	2	1	1	2	1	4.1339	2	3	3	1	2	3	1	1	2	2	1
2	1	2	1	1	2	1	0.689182	2	3	3	1	2	1	2	2	1	1	1
2	1	1	1	1	1	1	1.70247	1	1	1	1	1	1	1	1	2	2	1
2	1	2	1	1	2	1	3.16831	2	3	3	1	2	1	1	1	1	1	1
2	1	1	1	1	1	1	2.60872	1	1	1	2	2	1	1	1	1	1	1
1	1	1	1	1	1	1	5.17883	1	1	1	1	1	1	1	1	1	1	1
1	1	2	1	1	1	1	1.24226	2	2	2	1	1	1	1	1	1	1	1
1	1	1	1	1	1	1	16.3393	1	1	1	1	1	1	1	2	1	1	1
2	1	1	1	1	1	1	0.355235	1	1	1	1	2	1	1	1	2	2	1
2	1	2	1	1	2	1	10.1607	2	3	3	1	2	2	1	1	2	1	1
1	1	1	1	1	1	1	0.0379707	1	1	1	1	1	1	1	1	1	1	1
2	1	2	1	1	2	1	4.73676	2	3	3	1	2	1	1	2	1	1	1
2	1	2	1	1	2	1	0.411721	2	3	3	1	2	1	1	1	2	1	1
2	1	2	1	1	2	1	5.80853	2	3	3	1	2	1	1	2	1	1	1
1	1	1	1	1	1	1	2.29781	1	1	1	1	1	1	1	2	1	1	1
2	1	2	1	1	2	1	2.5112	2	3	3	1	2	3	1	2	1	1	1
1	1	2	1	1	1	1	2.02508	1	1	1	1	1	3	1	1	1	1	1
2	1	1	1	1	1	1	6.71109	1	1	1	1	2	1	1	1	1	1	1
2	1	2	1	1	2	1	9.53679	2	3	3	1	2	1	1	2	1	1	1
2	1	2	1	1	2	1	0.325964	2	3	3	1	2	2	2	1	1	1	1
1	1	2	1	1	1	1	11.5387	1	2	2	1	1	1	1	1	1	1	1
2	1	2	1	1	1	1	0.990259	2	2	2	1	1	3	1	1	1	1	1
2	1	2	1	1	2	1	2.35299	2	3	3	1	1	3	1	1	1	1	1
2	1	2	1	1	1	1	4.05911	2	2	2	1	2	1	1	1	1	1	1
2	1	2	1	1	2	1	3.42727	2	3	3	1	1	1	1	1	1	1	1
2	1	2	1	1	1	1	8.70147	1	1	1	1	2	3	1	1	1	1	1
2	1	2	1	1	2	1	2.42454	2	3	3	1	2	1	1	1	1	1	1
2	1	2	1	1	2	1	2.27037	2	3	3	1	2	1	1	1	1	1	1
2	1	2	1	1	1	1	1.80295	1	3	1	1	1	1	1	1	1	1	1
2	1	1	1	1	1	1	0.28139	1	1	1	1	2	1	1	1	1	1	1
2	1	2	1	1	2	1	4.06082	2	3	3	1	2	1	1	2	1	1	1
1	1	1	1	1	1	1	0.567112	1	1	1	1	1	1	1	1	1	1	1
2	1	1	1	1	1	1	1.97993	1	1	1	2	2	1	1	1	1	1	1
2	1	2	1	1	2	1	2.91836	2	3	3	1	2	3	1	1	1	1	1
2	1	2	1	1	2	1	4.08475	2	3	3	1	2	1	1	1	2	2	1
2	1	2	1	1	2	1	4.70922	2	3	3	1	2	1	1	1	1	1	1
2	1	2	1	1	2	1	1.2148	2	3	3	1	2	1	2	2	2	1	1
2	1	2	1	1	2	1	8.82052	2	3	3	1	1	2	1	1	1	1	1
1	1	1	1	1	1	1	1.70604	1	1	1	2	1	1	1	1	1	1	1
2	1	1	1	1	1	1	2.80681	1	1	1	1	2	1	1	2	1	1	1
2	1	2	1	1	2	1	3.42965	2	3	3	1	2	1	1	1	1	1	1
2	1	2	1	1	2	1	7.47897	2	3	3	1	2	3	1	1	1	1	1
2	1	2	1	1	2	1	0.974442	2	3	3	1	2	1	1	1	2	1	1
2	1	2	1	1	2	1	1.42741	2	3	3	1	2	1	1	1	1	1	1
2	1	2	1	1	2	1	2.38853	1	3	3	1	2	1	1	1	2	2	1
1	1	2	1	1	1	1	3.65307	2	2	2	1	1	1	1	1	1	1	1
2	1	1	1	1	1	1	1.49918	1	1	1	2	2	1	1	1	2	1	1
1	1	2	1	1	1	1	1.84278	1	2	1	1	1	1	1	1	1	1	1
2	1	1	1	1	1	1	0.115726	1	1	1	1	1	1	1	1	2	1	1
2	1	2	1	1	2	1	4.33852	2	3	3	1	2	1	1	1	1	1	1
2	1	1	1	1	1	1	2.32321	1	1	1	1	2	1	1	1	1	1	1
2	1	2	1	1	2	1	6.83117	2	3	3	1	2	1	1	1	2	1	1
2	1	2	1	1	2	1	4.44755	2	3	3	1	2	2	1	1	1	1	1
2	1	2	1	1	1	1	1.21308	1	2	1	2	1	3	1	1	2	2	1
2	1	2	1	1	1	1	4.62471	1	1	1	1	2	3	1	1	1	1	1
2	1	2	1	1	2	1	1.04437	2	3	3	2	2	2	1	1	1	1	1
1	1	1	1	1	1	1	0.324121	1	1	1	1	1	1	1	2	1	1	1
2	1	1	1	1	1	1	1.21791	1	1	1	1	1	1	1	1	2	1	1
2	1	2	1	1	2	1	2.5757	2	3	3	1	2	1	1	1	1	1	1
2	1	2	1	1	1	1	0.336122	2	2	2	1	1	1	1	1	2	1	1
2	1	2	1	1	2	1	4.26305	2	3	3	2	2	1	1	1	1	1	1
2	1	2	1	1	1	1	0.15171	1	2	1	1	2	1	1	1	1	1	1
2	1	2	1	1	1	1	3.70251	2	2	2	1	1	3	1	1	1	1	1
2	1	2	1	1	2	1	4.92733	2	3	3	1	2	1	1	1	1	1	1
2	1	2	1	1	2	1	1.32744	2	3	3	1	2	2	2	2	1	1	1
2	1	2	1	1	2	1	6.29586	2	3	3	1	2	1	1	1	1	1	1
2	1	2	1	1	2	1	4.84603	2	3	3	1	2	1	1	2	1	1	1
1	1	1	1	1	1	1	0.307382	1	1	1	1	1	1	1	1	1	1	1
2	1	2	1	1	2	1	1.48683	2	3	3	1	2	1	1	1	1	1	1
2	1	2	1	1	2	1	2.24111	2	3	3	1	2	1	1	2	1	1	1
1	1	1	1	1	1	1	1.57836	1	1	1	1	1	1	1	1	1	1	1
2	1	2	1	1	1	1	7.5335	1	3	1	1	1	1	1	1	1	1	1
2	1	2	1	1	1	1	1.99299	1	3	1	2	1	1	2	2	1	1	1
2	1	2	1	1	1	1	1.57593	1	1	1	1	1	3	1	1	2	2	1
2	1	2	1	1	1	1	0.753161	2	3	3	1	1	1	1	1	1	1	1
2	1	2	1	1	1	1	2.56304	1	1	1	1	2	3	1	2	1	1	1
1	1	2	1	1	1	1	1.91375	1	1	1	1	1	3	1	1	1	1	1
1	1	2	1	1	1	1	2.09052	1	1	1	1	1	3	1	1	1	1	1
2	1	1	1	1	1	1	0.404107	1	1	1	1	2	1	1	1	1	1	1
2	1	1	1	1	1	1	3.4751	1	1	1	1	1	1	1	1	2	1	1
2	1	2	1	1	1	1	3.34059	2	2	2	1	2	1	1	1	2	2	1
2	1	2	1	1	1	1	2.59287	1	3	1	1	1	1	1	2	1	1	1
1	1	2	1	1	1	1	1.84964	2	2	2	2	1	1	1	1	1	1	1
2	1	2	1	1	2	1	2.12746	2	3	3	1	2	1	1	1	1	1	1
2	1	2	1	1	1	1	1.54119	1	3	1	1	1	1	1	1	2	2	1
1	1	2	1	1	1	1	3.09225	1	2	2	1	1	1	1	1	1	1	1
2	1	2	1	1	2	1	0.984227	2	3	3	1	2	2	1	2	1	1	1
2	1	2	1	1	2	1	1.21511	2	3	3	1	2	1	1	1	1	1	1
2	1	2	1	1	1	1	1.18723	1	2	2	1	2	1	2	1	1	1	1
1	1	1	1	1	1	1	1.37242	1	1	1	1	1	1	1	1	1	1	1
2	1	1	1	1	1	1	0.365557	1	1	1	1	1	1	1	1	2	2	1
1	1	1	1	1	1	1	0.732062	1	1	1	1	1	1	1	1	1	1	1
2	1	2	1	1	1	1	0.431721	1	1	1	1	1	3	1	1	1	1	1
2	1	2	1	1	2	1	5.02484	2	3	3	1	1	1	1	2	1	1	1
2	1	1	1	1	1	1	2.47498	1	1	1	1	2	1	1	2	2	2	1
1	1	1	1	1	1	1	2.92504	1	1	1	1	1	1	2	2	1	1	1
2	1	2	1	1	2	1	0.682922	2	3	3	1	2	1	1	1	1	1	1
2	1	2	1	1	2	1	9.11967	2	3	3	1	2	1	1	1	1	1	1
1	1	2	1	1	1	1	3.93455	1	1	1	1	1	2	2	1	1	1	1
2	1	2	1	1	1	1	3.16104	1	2	2	1	2	3	1	1	1	1	1
1	1	2	1	1	1	1	4.60598	1	2	2	1	1	1	1	1	1	1	1
2	1	2	1	1	2	1	1.70782	2	3	3	1	2	1	1	1	1	1	1
2	2	2	1	1	1	1	1.66717	1	1	1	1	2	3	1	1	1	1	1
1	1	1	1	1	1	1	9.57855	1	1	1	1	1	1	1	1	1	1	1
2	1	2	1	1	2	1	0.977536	2	3	3	1	2	1	1	1	1	1	1
2	1	2	1	1	2	1	4.70948	2	3	3	1	2	2	1	1	1	1	1
1	1	1	1	1	1	1	0.455219	1	1	1	1	1	1	1	1	1	1	1
2	1	2	1	1	2	1	6.12015	2	3	3	1	2	1	1	1	1	1	1
1	1	1	1	1	1	1	3.96338	1	1	1	1	1	1	1	1	1	1	1
2	1	2	1	1	2	1	1.34524	2	3	3	1	2	1	1	1	1	1	1
2	1	2	1	1	2	1	0.867365	2	3	3	1	2	1	1	1	1	1	1
1	1	1	1	1	1	1	0.426986	1	1	1	1	1	1	1	1	1	1	1
1	1	2	1	1	1	1	2.24558	2	2	2	1	1	1	1	1	1	1	1
1	1	2	1	1	1	1	8.68619	1	2	2	1	1	1	1	1	1	1	1
2	1	2	1	1	1	1	0.0396086	1	1	1	1	1	3	1	2	2	1	1
2	1	2	1	1	2	1	3.46897	2	3	3	1	2	1	1	1	2	1	1
2	1	2	1	1	1	1	3.47859	1	2	2	2	1	2	1	1	1	1	1
2	1	2	1	1	2	1	1.60722	2	3	3	1	2	1	1	2	1	1	1
2	1	2	1	1	1	1	3.07112	2	3	3	1	1	1	1	2	2	1	1
2	1	2	1	1	1	1	3.66511	1	1	1	1	2	3	1	1	2	2	2
1	1	2	1	1	1	1	3.89798	2	1	1	1	1	3	1	1	2	1	2
2	1	2	1	1	1	1	2.51723	2	3	3	1	1	1	1	1	1	1	1
2	1	2	1	1	2	1	1.13568	2	3	3	1	2	3	1	1	2	1	1
2	1	2	1	1	2	1	4.28818	2	3	3	1	2	1	1	2	2	1	2
1	1	2	1	1	1	1	1.349	1	1	1	2	1	3	1	1	1	1	1
2	1	2	1	1	1	1	5.80801	1	1	1	1	1	3	1	1	2	1	1
2	1	2	1	1	1	1	1.71918	1	1	1	1	1	3	1	1	1	1	1
1	1	2	1	1	1	1	3.71715	1	1	1	1	1	3	1	1	1	1	1
2	1	2	1	1	2	1	1.5999	2	3	3	1	2	2	1	1	1	1	1
2	1	2	1	1	2	1	4.55826	2	2	2	1	2	1	1	1	1	1	1
2	1	2	1	1	2	1	2.60412	2	3	3	1	2	3	1	2	1	1	1
1	1	1	1	1	1	1	1.52876	1	1	1	1	1	1	1	1	1	1	1
2	1	2	1	1	2	1	0.596352	2	3	3	1	2	3	1	1	1	1	1
1	1	2	1	1	1	1	2.00945	2	2	2	1	1	1	1	1	1	1	1
2	1	2	1	1	2	1	1.86021	2	3	3	1	2	1	1	2	2	1	1
2	1	2	1	1	2	1	4.19014	2	3	3	2	2	1	2	2	2	2	1
2	1	2	1	1	1	1	0.904116	2	2	2	1	1	2	1	1	2	2	1
1	1	2	1	1	1	1	5.61684	1	2	1	1	1	1	1	1	1	1	1
2	1	1	1	1	1	1	1.65619	1	1	1	2	1	1	1	1	2	2	1
2	1	2	1	1	2	1	4.15422	2	3	3	1	2	1	1	2	1	1	1
1	1	2	1	1	1	1	4.88026	1	1	1	1	1	2	1	1	1	1	1
2	1	1	1	1	1	1	3.45452	1	1	1	1	2	1	1	1	1	1	1
2	1	2	1	1	2	1	1.03947	1	3	3	1	2	3	2	2	1	1	1
2	1	1	1	1	1	1	0.0883353	1	1	1	1	2	1	1	1	1	1	1
2	1	2	1	1	2	1	4.39567	2	3	3	1	2	1	1	1	2	1	1
1	1	1	1	1	1	1	6.04255	1	1	1	1	1	1	1	1	1	1	1
2	1	2	1	1	2	1	1.87942	2	3	3	1	2	1	1	2	2	1	1
2	1	2	1	1	1	1	6.44694	2	3	3	1	2	1	1	1	1	1	1
2	1	2	1	1	1	1	0.404753	2	3	3	1	1	1	1	1	1	1	1
1	1	1	1	1	1	1	2.9712	1	1	1	1	1	1	1	1	1	1	1
2	2	2	1	1	1	1	3.45153	1	3	1	2	1	2	1	1	2	1	1
2	1	2	1	1	2	1	5.83086	2	3	3	1	2	1	1	1	1	1	1
2	1	2	1	1	1	1	7.2099	2	3	3	2	1	1	1	1	1	1	1
1	1	1	1	1	1	1	4.67762	1	1	1	1	1	1	1	1	2	1	1
2	1	2	1	1	2	1	0.729882	2	3	3	1	2	1	1	1	1	1	1
1	1	1	1	1	1	1	1.01368	1	1	1	1	1	1	1	1	1	1	1
2	2	2	1	1	2	1	1.09835	2	3	2	1	2	1	1	1	1	1	1
2	1	2	1	1	1	1	0.519269	1	1	1	1	2	3	1	1	1	1	1
2	1	2	1	1	1	1	3.50706	1	1	1	1	2	2	1	2	2	1	1
1	1	1	1	1	1	1	4.79285	1	1	1	1	1	1	1	1	1	1	1
2	1	2	1	1	2	1	3.12622	2	3	3	1	2	1	1	1	1	1	1
2	1	2	1	1	2	1	0.608191	2	3	3	1	2	3	1	1	2	2	1
2	1	2	1	1	2	1	6.54656	2	3	3	1	2	2	1	1	2	1	1
1	1	2	1	1	1	1	1.84695	1	2	2	1	1	1	1	1	1	1	1
2	1	1	1	1	1	1	1.44766	1	1	1	1	1	1	1	1	2	1	2
2	1	2	1	1	1	1	2.76405	2	3	3	2	1	1	1	1	2	2	1
2	1	2	1	1	2	1	1.87897	2	3	3	1	2	1	1	1	1	1	1
2	1	2	1	1	2	1	4.21577	2	3	3	1	2	1	1	1	1	1	1
2	1	1	1	1	1	1	4.10049	1	1	1	1	2	1	1	1	1	1	1
2	1	2	1	1	2	1	0.700877	2	3	3	1	2	3	1	1	1	1	1
2	1	2	1	1	2	1	2.09615	2	3	3	1	2	2	2	2	2	2	1
2	1	2	1	1	2	1	0.0413103	2	3	3	1	2	2	1	1	1	1	1
2	1	2	1	1	2	1	2.48333	2	3	3	1	2	1	1	1	1	1	1
2	1	2	1	1	1	1	2.97985	2	2	2	1	2	1	1	1	1	1	1
1	1	2	1	1	1	1	1.37459	1	1	1	1	1	2	1	1	1	1	1
2	1	2	1	1	2	1	4.1201	2	3	3	1	1	1	2	2	1	1	1
2	1	2	1	1	2	1	2.90982	2	3	3	1	2	1	1	2	2	1	1
1	1	1	1	1	1	1	6.59517	1	1	1	1	1	1	1	1	1	1	1
1	1	1	1	1	1	1	2.08584	1	1	1	1	1	1	1	1	1	1	1
2	1	2	1	1	2	1	0.0538178	2	2	2	1	2	1	1	1	1	1	1
1	1	2	1	1	1	1	5.96335	1	1	1	1	1	2	1	1	1	1	1
2	1	2	1	1	1	1	0.182284	2	3	2	1	1	3	1	1	1	1	1
2	1	2	1	1	1	1	3.44919	2	3	3	1	1	1	1	1	1	1	1
2	1	2	1	1	1	1	0.779395	1	1	1	1	1	2	1	2	1	1	1
1	1	2	1	1	1	1	0.795055	1	1	1	1	1	3	1	2	1	1	1
2	1	2	1	1	1	1	0.157868	1	1	1	1	2	3	1	2	2	1	1
2	1	2	1	1	1	1	16.084	1	3	2	1	1	1	1	1	1	1	1
2	1	2	1	1	2	2	0.627103	1	2	1	1	2	1	1	1	2	2	1
2	1	2	1	1	2	1	0.0275255	2	3	3	1	2	2	2	2	1	1	1
2	1	2	1	1	2	1	6.47001	2	3	3	1	2	1	1	1	1	1	1
1	1	2	1	1	1	1	4.03001	1	2	2	1	1	1	1	1	1	1	1
2	1	1	1	1	1	1	0.965693	1	1	1	1	2	1	1	1	1	1	1
2	1	1	1	1	1	1	0.54945	1	1	1	1	2	1	1	1	1	1	1
2	1	2	1	1	1	1	1.48256	2	3	3	1	1	1	1	1	1	1	1
2	1	2	1	1	1	1	2.85677	1	3	1	1	1	1	2	1	1	1	1
2	1	2	1	1	2	1	3.93863	2	3	3	1	2	3	1	1	2	1	1
2	1	1	1	1	1	1	0.00541087	1	1	1	1	1	1	1	1	2	1	1
2	1	2	1	1	1	1	0.362488	2	3	3	1	2	1	1	1	1	1	1
1	1	2	1	1	1	1	6.42171	1	1	1	1	1	3	1	1	1	1	1
1	1	1	1	1	1	1	3.82142	1	1	1	1	1	1	1	1	1	1	1
2	1	2	1	1	1	1	3.25268	2	2	2	2	1	3	2	2	2	2	1
2	1	1	1	1	1	1	0.456467	1	1	1	1	1	1	1	1	2	1	2
2	1	2	1	1	2	1	7.28457	2	3	3	1	2	2	1	1	1	1	1
1	1	1	1	1	1	1	2.36924	1	1	1	1	1	1	2	2	1	1	1
2	1	2	1	1	2	1	2.56769	2	3	3	1	2	1	2	2	1	1	1
2	1	1	1	1	1	1	6.12715	1	1	1	1	2	1	1	1	1	1	1
2	1	2	1	1	1	1	0.334852	1	1	1	1	1	2	1	1	2	1	1
2	1	2	1	1	2	1	0.417725	2	3	3	1	2	1	1	1	1	1	1
2	1	2	1	1	2	1	4.08556	2	3	3	1	2	3	2	2	1	1	1
1	1	2	1	1	1	1	6.17039	1	1	1	1	1	2	1	1	1	1	1
2	1	2	1	1	1	1	2.18545	1	2	2	1	1	3	2	2	2	2	1
2	1	2	1	1	2	1	0.847626	2	3	3	1	2	1	2	1	1	1	1
2	1	2	1	1	1	1	3.16606	1	3	2	1	1	3	1	1	2	2	1
1	1	1	1	1	1	1	6.11365	1	1	1	1	1	1	2	2	1	1	1
2	1	2	1	1	2	1	1.11975	2	3	3	1	2	3	1	1	1	1	1
2	1	2	1	1	2	1	1.89276	1	2	2	1	2	3	1	1	2	1	1
2	1	2	1	1	1	1	9.5922	1	2	2	1	1	2	1	1	1	1	1
2	1	2	1	1	2	1	3.60891	2	3	3	1	2	1	1	1	1	1	1
1	1	2	1	1	1	1	2.90668	1	1	1	1	1	3	1	1	1	1	1
1	1	2	1	1	1	1	2.49303	1	1	1	1	1	3	1	1	1	1	1
2	1	2	1	1	2	1	3.38525	2	3	3	2	2	1	1	1	1	1	1
2	1	2	1	1	2	1	4.42015	2	3	3	2	2	2	1	1	1	1	1
2	1	2	1	1	1	1	3.64483	2	3	3	1	1	3	1	1	2	2	1
2	1	1	1	1	1	1	15.1085	1	1	1	1	1	1	1	1	2	1	1
2	1	2	1	1	1	1	1.48203	2	2	2	2	1	1	2	2	1	1	1
2	1	2	1	1	2	1	2.30603	2	3	3	1	2	1	1	1	2	1	2
2	1	2	1	1	2	1	2.41018	1	3	3	2	2	1	1	1	1	1	1
2	1	2	1	1	1	1	12.1968	1	1	1	1	2	3	1	1	1	1	1
2	1	2	1	1	2	1	4.26132	1	3	3	1	2	1	2	1	1	1	1
2	1	2	1	1	2	1	2.84851	2	3	3	1	2	3	1	1	2	1	1
2	2	2	1	1	1	1	7.38158	2	3	2	1	1	1	1	1	1	1	1
2	1	2	1	1	2	1	2.22157	2	3	3	1	2	3	2	1	1	1	1
2	1	2	1	1	1	1	11.2393	1	3	2	1	2	1	1	1	1	1	1
2	1	2	1	1	2	1	12.0586	2	3	3	1	2	1	1	2	1	1	1
2	1	2	1	1	1	1	1.70122	1	1	1	1	1	2	1	1	1	1	1
1	1	2	1	1	1	1	0.421549	1	1	1	1	1	3	1	1	1	1	1
2	1	2	1	1	2	1	10.6549	2	3	3	1	2	1	2	2	1	1	1
2	1	2	1	1	2	1	4.54634	2	3	3	1	2	1	1	1	1	1	1
2	1	2	1	1	2	1	5.84972	2	3	3	2	2	3	1	1	1	1	1
2	1	2	1	1	1	1	4.5827	1	1	1	1	2	3	1	1	1	1	1
1	1	2	1	1	1	1	2.15622	1	1	1	1	1	2	2	1	1	1	1
2	1	2	1	1	1	1	5.30419	1	2	2	1	1	1	2	2	1	1	1
2	1	2	1	1	2	1	2.96E-04	2	3	3	2	2	1	1	1	2	1	2
1	1	1	1	1	1	1	3.1953	1	1	1	1	1	1	1	1	1	1	1
1	1	1	1	1	1	1	3.58269	1	1	1	1	1	1	1	1	1	1	1
2	1	2	1	1	1	1	3.79966	1	1	1	1	1	3	1	1	2	2	1
2	1	2	1	1	2	1	3.41372	2	3	3	1	2	2	1	1	1	1	1
2	1	2	1	1	2	1	1.17749	2	3	3	1	2	3	1	1	2	2	1
2	1	2	1	1	2	1	3.27787	2	3	3	1	2	1	1	1	2	1	2
2	1	2	1	1	2	1	0.973378	2	3	3	1	2	1	1	1	1	1	1
2	1	2	1	1	2	1	5.71889	2	3	3	1	2	1	1	1	1	1	1
2	1	2	1	1	2	1	7.85101	2	3	3	1	2	1	1	2	1	1	1
2	1	2	1	1	1	1	0.894716	2	3	3	1	2	1	1	1	1	1	1
2	1	2	1	1	2	1	6.98461	2	3	3	1	2	1	1	1	1	1	1
2	1	2	1	1	1	1	0.493006	2	2	2	1	1	1	2	2	1	1	1
2	1	2	1	1	1	1	2.90456	2	2	2	1	2	3	1	1	1	1	1
1	1	2	1	1	1	1	1.27467	1	1	1	1	1	3	1	1	1	1	1
2	1	2	1	1	1	1	0.465813	1	1	1	1	1	3	1	1	1	1	1
2	1	1	1	1	1	1	4.5194	1	1	1	1	1	1	1	1	2	1	1
1	1	1	1	1	1	1	3.22301	1	1	1	1	1	1	1	1	1	1	1
2	1	2	1	1	2	1	3.80782	2	3	3	1	2	1	1	1	1	1	1
2	1	2	1	1	2	1	3.6576	2	3	3	1	2	1	1	1	1	1	1
2	1	2	1	1	2	1	3.19978	2	3	3	1	1	1	1	2	1	1	1
2	1	2	1	1	2	1	5.80517	2	3	3	1	2	1	1	2	1	1	1
2	1	1	1	1	1	1	10.7093	1	1	1	1	1	1	1	1	2	1	1
2	1	2	1	1	2	1	10.3549	2	3	3	2	2	1	1	1	2	2	1
1	1	1	1	1	1	1	0.604478	1	1	1	1	1	1	1	1	1	1	1
2	1	2	1	1	2	1	7.20582	2	3	3	1	2	1	1	1	2	2	1
2	1	2	1	1	2	1	2.06571	1	3	3	1	2	1	1	1	2	1	2
1	1	1	1	1	1	1	2.31193	1	1	1	1	1	1	1	1	1	1	1
2	1	2	1	1	2	1	0.497595	2	3	3	2	2	1	1	1	1	1	1
2	1	2	1	1	2	1	1.35387	2	3	3	1	2	1	2	1	1	1	1
2	1	2	1	1	2	1	0.772214	2	3	3	1	2	3	1	1	1	1	1
2	1	2	1	1	2	1	0.558477	2	3	3	2	2	3	1	1	1	1	1
2	1	2	1	1	1	1	1.9158	2	3	3	1	1	1	1	1	1	1	1
2	1	2	1	1	2	1	5.01825	2	3	3	1	1	3	1	1	2	1	1
2	1	2	1	1	2	1	5.67882	2	3	3	1	2	1	1	1	1	1	1
2	1	2	1	1	1	1	1.46262	1	3	1	1	1	1	1	1	1	1	1
1	1	1	1	1	1	1	0.0745373	1	1	1	1	1	1	1	1	1	1	1
1	1	2	1	1	1	1	0.97897	2	2	2	1	1	1	1	1	1	1	1
1	1	2	1	1	1	1	4.58861	1	1	1	1	1	3	1	1	1	1	1
2	1	1	1	1	1	1	0.125777	1	1	1	1	1	1	2	2	1	1	1
2	1	1	1	1	1	1	7.76345	1	1	1	1	2	1	1	1	1	1	1
2	1	1	1	1	1	1	2.36532	1	1	1	1	2	1	1	1	1	1	1
1	1	1	1	1	1	1	1.31529	1	1	1	1	1	1	2	1	1	1	1
2	1	2	1	1	1	1	4.53837	2	3	3	1	1	3	1	1	1	1	1
2	2	2	1	1	2	1	5.99218	1	3	3	1	1	1	1	1	1	1	1
1	1	1	1	1	1	1	4.59701	1	1	1	1	1	1	1	1	1	1	1
2	1	2	1	1	1	1	2.78721	1	3	1	1	1	1	1	1	1	1	1
2	1	2	1	1	2	1	0.767383	2	3	3	1	2	1	2	2	1	1	1
2	1	2	1	1	2	1	1.60453	1	3	3	2	2	1	1	1	1	1	1
2	1	2	1	1	2	1	2.04018	2	3	3	1	1	1	1	1	2	2	1
2	1	2	1	1	1	1	0.384608	1	1	1	1	1	3	1	1	2	2	1
1	1	1	1	1	1	1	1.96169	1	1	1	1	1	1	1	1	1	1	1
2	1	1	1	1	1	1	0.122461	1	1	1	1	1	1	1	1	2	2	1
1	1	1	1	1	1	1	0.876525	1	1	1	1	1	1	1	1	1	1	1
1	1	1	1	1	1	1	10.0388	1	1	1	1	1	1	1	1	1	1	1
1	1	1	1	1	1	1	3.88288	1	1	1	1	1	1	1	1	1	1	1
2	1	2	1	1	1	1	2.22832	2	3	3	1	1	1	1	1	1	1	1
2	1	1	1	1	1	1	2.14611	1	1	1	1	1	1	1	2	2	2	1
2	1	2	1	1	1	1	6.15115	2	2	2	1	2	2	1	1	1	1	1
2	1	2	1	1	2	1	1.11516	2	3	3	1	2	1	1	1	1	1	1
2	1	2	1	1	1	1	3.32971	1	1	1	1	1	3	1	2	1	1	1
2	1	2	1	1	2	1	1.13327	2	3	3	1	2	1	1	2	1	1	1
2	1	2	1	1	1	1	0.97488	1	1	1	1	1	2	1	1	2	2	1
1	1	1	1	1	1	1	6.13708	1	1	1	1	1	1	2	1	1	1	1
2	1	1	1	1	1	1	0.644221	1	1	1	1	2	1	2	1	1	1	1
2	1	2	1	1	2	1	3.24321	2	3	3	1	2	1	1	2	1	1	1
2	1	2	1	1	2	1	4.90151	1	3	3	1	2	1	1	1	1	1	1
2	1	1	1	1	1	1	1.17076	1	1	1	1	2	1	1	1	1	1	1
2	1	2	1	1	2	1	2.41424	2	3	3	1	2	1	1	1	1	1	1
2	1	2	1	1	1	1	0.463388	1	1	1	1	1	3	1	1	2	2	1
1	1	2	1	1	1	1	0.738175	2	2	2	1	1	1	1	1	1	1	1
2	1	2	1	1	1	1	14.1497	1	1	1	2	2	2	1	1	2	1	2
2	1	1	1	1	1	1	4.29215	1	1	1	1	2	1	1	1	2	2	1
1	1	2	1	1	1	1	0.743482	2	2	2	1	1	1	1	1	1	1	1
2	1	2	1	1	1	1	3.6543	2	3	2	1	1	2	1	1	1	1	1
1	1	1	1	1	1	1	0.0958608	1	1	1	1	1	1	1	2	1	1	1
2	1	1	1	1	1	1	2.2899	1	1	1	1	2	1	2	2	1	1	1
2	1	1	1	1	1	1	0.550205	1	1	1	1	1	1	1	1	2	1	1
2	1	2	1	1	2	1	0.403593	1	3	3	2	2	3	1	2	1	1	1
2	1	2	1	1	1	1	5.5744	1	2	2	1	1	1	1	1	2	2	1
2	1	2	1	1	2	1	3.62555	2	3	3	1	2	1	1	1	1	1	1
2	1	2	1	1	1	1	4.89359	2	2	2	1	1	2	1	1	1	1	1
2	1	2	1	1	1	1	3.89413	1	1	1	1	1	2	1	1	1	1	1
1	1	1	1	1	1	1	1.16389	1	1	1	1	1	1	1	1	1	1	1
2	1	2	1	1	1	1	5.16743	2	2	2	2	1	2	1	1	1	1	1
2	1	2	1	1	2	1	4.77073	2	3	3	1	2	1	1	1	1	1	1
1	1	2	1	1	1	1	1.35868	2	2	2	1	1	1	1	1	1	1	1
2	1	2	1	1	2	1	0.7067	2	3	3	1	2	1	1	1	1	1	1
1	1	1	1	1	1	1	1.4588	1	1	1	1	1	1	1	1	1	1	1
2	1	2	1	1	1	1	3.77657	1	1	1	1	1	2	1	2	1	1	1
2	1	2	1	1	2	1	18.7932	2	3	3	2	2	1	1	1	1	1	1
2	1	2	1	1	2	1	2.78983	1	3	3	1	2	1	1	2	2	1	1
1	1	1	1	1	1	1	1.82441	1	1	1	2	1	1	1	1	1	1	1
1	1	2	1	1	1	1	2.84274	1	2	2	1	1	1	1	1	1	1	1
2	1	2	1	1	1	1	0.441923	1	2	1	1	1	2	1	1	1	1	1
2	1	2	1	1	2	1	1.7655	2	3	3	1	2	3	1	2	1	1	1
1	1	1	1	1	1	1	0.958711	1	1	1	1	1	1	1	2	1	1	1
2	1	2	1	1	2	1	6.41105	2	3	3	1	2	3	1	1	1	1	1
2	1	2	1	1	1	1	3.38831	1	1	1	1	2	3	1	1	1	1	1
1	1	2	1	1	1	1	0.558543	1	1	1	1	1	3	1	1	1	1	1
1	1	1	1	1	1	1	0.8927	1	1	1	1	1	1	1	1	1	1	1
2	1	2	1	1	1	1	3.85972	1	2	1	1	1	1	1	1	2	1	2
2	1	2	1	1	2	1	1.44503	2	3	3	1	2	1	1	1	1	1	1
2	1	2	1	1	2	1	1.74094	2	3	3	1	2	3	2	2	1	1	1
2	1	2	1	1	1	1	2.0474	1	1	1	1	1	3	2	2	1	1	1
2	1	2	1	1	2	1	3.30109	2	3	3	1	2	2	1	1	2	1	1
1	1	1	1	1	1	1	0.175867	1	1	1	2	1	1	1	1	1	1	1
2	1	1	1	1	1	1	3.17026	1	1	1	1	1	1	1	1	2	1	1
2	1	1	1	1	1	1	2.87535	1	1	1	1	2	1	1	1	1	1	1
2	1	2	1	1	2	1	5.92314	2	3	3	1	2	3	2	1	2	1	1
2	1	2	1	1	1	1	4.95244	1	1	1	1	1	3	1	1	1	1	1
2	1	2	1	1	2	1	9.64896	2	2	2	1	2	1	1	1	2	2	1
2	1	2	1	1	1	1	1.87266	2	2	2	1	1	3	1	1	1	1	1
2	1	2	1	1	2	1	3.7852	2	3	3	1	2	1	2	2	1	1	1
1	1	1	1	1	1	1	0.506625	1	1	1	1	1	1	1	1	1	1	1
1	1	1	1	1	1	1	5.03595	1	1	1	1	1	1	1	1	1	1	1
2	1	2	1	1	1	1	5.11649	1	3	1	1	1	1	1	1	1	1	1
2	1	2	1	1	1	1	1.09823	2	2	2	2	1	1	1	1	1	1	1
2	1	2	1	1	2	1	6.65728	2	3	3	1	2	1	1	1	1	1	1
1	1	2	1	1	1	1	1.56095	2	2	2	1	1	1	1	1	1	1	1
2	1	2	1	1	2	1	6.77321	2	3	3	2	2	3	1	2	1	1	1
2	1	2	1	1	1	1	5.95268	2	3	3	1	1	1	1	2	1	1	1
2	1	2	1	1	2	1	0.165313	2	3	3	1	2	1	1	1	1	1	1
2	1	2	1	1	2	1	1.26361	2	3	3	1	2	1	1	2	1	1	1
1	1	1	1	1	1	1	2.53638	1	1	1	1	1	1	1	1	1	1	1
2	1	2	1	1	2	1	4.72625	2	3	3	1	2	3	1	1	2	1	1
1	1	1	1	1	1	1	1.08404	1	1	1	1	1	1	2	1	1	1	1
2	1	2	1	1	1	1	7.6098	1	3	2	1	1	1	1	1	1	1	1
2	1	2	1	1	2	1	4.54316	2	3	3	1	2	1	1	1	2	1	2
2	1	2	1	1	2	1	2.83239	2	3	3	1	2	1	2	2	1	1	1
1	1	2	1	1	1	1	2.36326	1	2	2	1	1	1	1	1	1	1	1
2	1	2	1	1	1	1	3.38934	1	1	1	1	1	3	1	1	1	1	1
2	1	2	1	1	2	1	4.07199	2	3	3	1	2	3	1	1	2	2	1
2	1	2	1	1	1	1	1.12239	1	2	1	1	1	3	1	1	1	1	1
1	1	2	1	1	1	1	7.1163	1	2	2	1	1	1	1	2	1	1	1
2	1	2	1	1	1	1	4.52991	1	2	2	1	1	1	2	2	1	1	1
2	1	2	1	1	2	1	4.81663	1	3	3	1	2	1	1	1	1	1	1
2	1	2	1	1	1	1	2.64504	1	2	1	1	1	1	1	1	2	1	2
2	1	2	1	1	1	1	13.4002	1	2	2	1	1	3	2	2	1	1	1
2	1	2	1	1	2	1	3.95547	1	3	3	1	2	1	1	1	1	1	1
2	1	1	1	1	1	1	0.0647507	1	1	1	1	1	1	1	2	1	1	1
2	1	2	1	1	1	1	0.942362	2	3	3	1	1	3	1	1	1	1	1
2	1	2	1	1	2	1	13.2598	2	3	3	1	2	2	2	1	1	1	1
2	1	2	1	1	1	1	0.712019	1	1	1	1	2	3	1	1	1	1	1
2	1	2	1	1	2	1	1.62311	2	3	3	1	2	1	1	1	1	1	1
1	1	1	1	1	1	1	1.18222	1	1	1	1	1	1	1	1	1	1	1
2	1	2	1	1	1	1	4.73918	2	2	2	1	1	1	1	1	1	1	1
2	1	2	1	1	1	1	10.2898	1	3	1	2	1	1	1	1	1	1	1
2	1	2	1	1	1	1	0.48853	1	2	2	2	2	1	1	2	1	1	1
2	1	2	1	1	1	1	3.12597	1	3	1	1	2	1	1	1	2	2	1
1	1	1	1	1	1	1	3.24062	1	1	1	1	1	1	1	1	1	1	1
2	1	2	1	1	2	1	2.72961	2	3	3	1	2	1	2	2	1	1	1
2	1	2	1	1	2	1	8.67239	2	3	3	1	2	1	1	1	1	1	1
2	1	1	1	1	1	1	4.87987	1	1	1	1	1	1	2	2	1	1	1
1	1	2	1	1	1	1	1.71976	1	1	1	1	1	3	1	1	1	1	1
2	1	2	1	1	2	1	0.572811	2	3	3	1	2	1	1	1	2	1	1
2	1	2	1	1	2	1	3.3236	2	3	3	1	1	3	1	1	1	1	1
2	1	2	1	1	2	1	4.59497	2	3	3	1	2	1	1	1	2	1	1
2	1	2	1	1	2	1	0.632286	2	3	3	1	2	3	1	1	1	1	1
1	1	1	1	1	1	1	7.83376	1	1	1	1	1	1	1	1	1	1	1
2	1	2	1	1	2	1	9.83427	2	3	3	1	2	3	1	1	2	2	1
2	1	2	1	1	1	1	4.23907	1	2	1	1	1	3	1	1	1	1	1
2	1	2	1	1	2	1	5.744	2	3	3	1	2	1	1	1	1	1	1
2	1	2	1	1	2	1	1.11516	2	3	3	1	2	1	1	1	2	2	1
2	1	2	1	2	2	1	8.3194	2	3	3	1	2	1	1	1	1	1	1
2	1	2	1	1	2	1	5.0832	1	3	2	1	2	1	1	1	1	1	1
2	1	1	1	1	1	1	1.14137	1	1	1	1	2	1	1	1	1	1	1
2	1	2	1	1	2	1	3.91134	2	3	3	1	2	1	1	1	1	1	1
2	1	2	1	1	2	1	7.92332	1	3	3	1	2	1	1	1	1	1	1
1	1	2	1	1	1	1	2.15771	2	2	2	1	1	1	2	2	1	1	1
2	1	2	1	1	2	1	8.97816	2	3	3	1	2	1	1	1	1	1	1
2	1	2	1	1	2	1	7.5717	2	3	3	1	2	1	1	1	1	1	1
2	1	2	1	1	1	1	4.81798	2	3	3	1	1	1	1	1	1	1	1
1	1	2	1	1	1	1	0.398659	1	1	1	1	1	3	1	1	1	1	1
1	1	2	1	1	1	1	1.72172	1	1	1	1	1	2	1	1	1	1	1
2	1	1	1	1	1	1	2.88676	1	1	1	1	2	1	1	1	1	1	1
2	1	2	1	1	2	1	1.49484	2	3	3	1	1	1	1	1	1	1	1
2	1	1	1	1	1	1	3.50997	1	1	1	1	2	1	1	1	1	1	1
1	1	2	1	1	1	1	2.84745	2	2	2	1	1	1	1	1	1	1	1
2	1	2	1	1	2	1	0.415631	2	3	3	1	2	3	1	1	1	1	1
1	1	1	1	1	1	1	8.65392	1	1	1	1	1	1	1	1	1	1	1
1	1	1	1	1	1	1	1.16434	1	1	1	1	1	1	1	1	1	1	1
2	1	2	1	1	2	1	1.50616	2	3	3	1	2	3	1	1	1	1	1
2	1	2	1	1	2	1	4.38303	2	3	3	1	2	3	2	2	2	2	1
2	1	2	1	1	2	1	1.68564	2	3	3	1	2	3	1	1	2	2	1
2	1	2	1	1	1	1	3.63619	1	1	1	1	1	3	1	1	2	1	1
1	1	2	1	1	1	1	0.137721	2	2	2	2	1	1	1	1	1	1	1
2	1	2	1	1	2	1	5.09617	2	3	3	1	2	1	1	1	1	1	1
1	1	1	1	1	1	1	0.583499	1	1	1	1	1	1	1	1	1	1	1
1	1	2	1	1	1	1	1.06402	1	1	1	1	1	2	1	1	1	1	1
2	1	2	1	1	2	1	3.93912	2	3	3	1	1	1	1	1	1	1	1
2	1	2	1	1	2	1	2.41567	2	3	3	1	2	1	1	1	1	1	1
2	1	2	1	1	2	1	8.07558	2	3	3	1	2	1	1	1	1	1	1
2	1	2	1	1	1	1	3.15407	2	2	2	1	1	3	1	1	2	2	1
2	1	2	1	1	1	1	4.36519	2	2	2	1	1	3	1	1	1	1	1
2	1	2	1	1	2	1	6.53596	2	3	3	1	2	1	1	1	1	1	1
1	1	1	1	1	1	1	1.44498	1	1	1	1	1	1	1	1	1	1	1
1	1	2	1	1	1	1	4.08306	1	1	1	1	1	2	1	1	1	1	1
2	1	2	1	1	2	1	4.50829	2	3	3	1	2	1	1	1	1	1	1
2	1	2	1	1	1	1	1.11699	1	1	1	1	1	3	1	1	1	1	1
1	1	2	1	1	1	1	0.0517742	2	2	2	1	1	1	1	1	1	1	1
2	1	2	1	1	2	1	0.38734	2	3	3	1	2	1	1	1	1	1	1
2	1	2	1	1	2	1	4.56545	1	3	3	1	2	1	1	1	1	1	1
2	1	2	1	1	2	1	5.1679	2	3	3	1	2	1	1	1	1	1	1
1	1	1	1	1	1	1	0.307854	1	1	1	1	1	1	2	2	1	1	1
2	1	2	1	1	2	1	2.32885	2	3	3	2	2	3	1	1	2	1	1
1	1	1	1	1	1	1	0.289901	1	1	1	1	1	1	1	1	1	1	1
2	1	2	1	1	1	1	0.319237	1	3	1	1	1	1	1	2	2	2	1
2	1	2	1	1	2	1	0.827021	2	3	3	1	2	1	1	1	1	1	1
2	1	2	1	1	2	1	3.37409	2	2	2	2	2	1	1	1	1	1	1
2	1	2	1	1	2	1	1.6608	2	3	3	1	2	1	1	1	1	1	1
1	1	1	1	1	1	1	3.24663	1	1	1	1	1	1	1	2	1	1	1
2	1	2	1	1	2	1	0.310255	2	3	3	1	2	1	1	1	1	1	1
2	1	2	1	1	1	1	0.0629292	1	3	1	1	2	1	1	1	2	2	2
1	1	2	1	1	1	1	4.55089	1	1	1	1	1	3	2	1	1	1	1
2	1	2	1	1	1	1	0.978341	2	2	2	1	1	2	2	2	1	1	1
2	1	2	1	1	1	1	0.0404361	2	2	2	1	1	1	1	1	2	2	1
2	1	2	1	1	2	1	2.45037	2	3	3	1	2	1	1	1	2	1	1
2	1	2	1	1	2	1	13.4934	2	3	3	1	2	1	1	1	1	1	1
1	1	2	1	1	1	1	1.78284	2	2	2	1	1	1	1	1	1	1	1
2	1	2	1	1	2	1	2.77131	2	3	3	1	2	1	1	1	2	1	1
2	1	2	1	1	2	1	0.485846	2	3	3	1	2	1	1	1	1	1	1
2	1	2	1	1	1	1	0.557565	1	1	1	1	1	3	1	1	2	1	1
2	1	2	1	1	2	1	4.54794	1	3	3	1	2	1	1	1	1	1	1
2	1	2	1	1	2	1	7.94793	2	3	3	1	2	1	1	1	1	1	1
2	1	2	1	1	1	1	1.95272	1	1	1	1	2	3	1	1	2	2	1
2	1	1	1	1	1	1	6.14495	1	1	1	2	2	1	1	1	1	1	1
2	1	2	1	1	1	1	3.17644	2	2	2	1	1	1	1	1	1	1	1
2	1	2	1	1	1	1	1.49873	1	3	3	1	1	3	1	1	2	1	1
2	1	2	1	1	2	1	7.27586	2	3	3	1	2	1	1	2	1	1	1
2	1	2	1	1	2	1	0.0191831	2	3	3	1	2	1	1	2	1	1	1
2	1	2	1	1	2	1	1.57877	2	3	3	1	2	1	1	1	1	1	1
1	1	1	1	1	1	1	4.98835	1	1	1	1	1	1	1	1	1	1	1
2	1	2	1	1	2	1	6.8749	2	3	3	1	2	1	2	2	1	1	1
2	1	2	1	1	2	1	8.94435	2	3	3	1	2	1	1	1	1	1	1
2	1	2	1	1	2	1	1.60548	2	2	2	1	2	1	1	1	2	1	1
2	1	2	1	1	2	1	4.81511	2	3	3	2	2	3	1	1	1	1	1
2	1	2	1	1	2	1	1.25986	2	3	3	1	2	3	1	1	1	1	1
2	1	2	1	1	2	1	3.24832	1	3	3	1	2	1	1	1	1	1	1
1	1	1	1	1	1	1	0.373889	1	1	1	1	1	1	1	1	1	1	1
2	1	2	1	1	1	1	4.56923	1	3	3	1	1	1	1	1	1	1	1
2	1	2	1	1	2	1	1.15876	2	3	3	1	2	1	1	1	1	1	1
2	1	2	1	1	1	1	10.7347	1	1	1	1	1	3	1	1	1	1	1
2	1	1	1	1	1	1	1.21132	1	1	1	1	1	1	2	2	2	2	1
1	1	1	1	1	1	1	4.26163	1	1	1	1	1	1	1	1	1	1	1
2	1	2	1	1	1	1	2.62008	2	3	3	1	2	2	1	2	2	1	1
2	2	2	1	1	2	1	0.728309	2	3	3	2	2	1	1	1	1	1	1
1	1	2	1	1	1	1	2.1095	1	1	1	2	1	3	1	1	2	1	1
1	1	1	1	1	1	1	3.22218	1	1	1	2	1	1	1	1	1	1	1
2	1	2	1	1	2	1	6.82864	2	3	3	1	2	1	1	1	1	1	1
2	1	2	1	1	2	1	0.617669	2	3	3	1	2	1	1	1	1	1	1
1	1	2	1	1	1	1	4.4714	1	1	1	1	1	2	1	1	1	1	1
2	1	2	1	1	1	1	5.03374	1	3	3	1	1	3	1	1	1	1	1
2	1	1	1	1	1	1	7.76097	1	1	1	1	2	1	1	1	1	1	1
2	1	2	1	1	2	1	5.23639	1	2	2	1	2	1	1	1	1	1	1
1	1	2	1	1	1	1	2.00206	1	2	2	1	1	1	1	1	1	1	1
2	1	2	1	1	1	1	11.9459	2	2	2	1	1	2	1	1	2	2	1
2	1	2	1	1	1	1	3.01872	2	2	2	1	1	1	1	1	1	1	1
2	1	2	1	1	1	1	5.76099	2	3	3	1	2	3	1	1	1	1	1
2	1	2	1	1	2	1	9.94833	2	3	3	1	2	1	1	1	2	1	2
2	1	1	1	1	1	1	0.213727	1	1	1	1	1	1	1	1	2	2	1
2	1	2	1	1	1	1	1.3124	1	1	1	1	2	3	1	1	1	1	1
1	1	2	1	1	1	1	1.20814	2	2	2	2	1	1	1	1	1	1	1
1	1	1	1	1	1	1	2.80371	1	1	1	1	1	1	1	1	1	1	1
2	1	2	1	1	1	1	5.33366	1	1	1	1	2	3	1	1	1	1	1
2	1	1	1	1	1	1	1.02967	1	1	1	1	2	1	1	1	1	1	1
2	1	2	1	1	1	1	3.29782	1	2	2	1	1	3	1	2	2	2	1
2	1	2	1	1	1	1	0.959845	1	1	1	2	1	3	1	1	1	1	1
2	1	1	1	1	1	1	3.77166	1	1	1	1	2	1	1	2	1	1	1
2	1	2	1	1	1	1	0.854945	2	3	3	1	2	1	1	1	1	1	1
1	1	1	1	1	1	1	5.1725	1	1	1	1	1	1	1	1	1	1	1
1	1	1	1	1	1	1	0.915254	1	1	1	2	1	1	1	1	1	1	1
2	1	2	1	1	2	1	3.5404	2	3	3	1	2	1	2	2	1	1	1
2	1	2	1	1	1	1	4.75054	1	2	1	1	1	1	1	1	1	1	1
1	1	1	1	1	1	1	0.551718	1	1	1	1	1	1	1	1	1	1	1
2	1	2	1	1	2	1	2.75893	2	3	3	1	1	1	1	1	1	1	1
2	1	2	1	1	2	1	0.765714	2	3	3	1	2	2	2	2	2	1	1
2	1	1	1	1	1	1	3.27354	1	1	1	1	1	1	1	1	2	2	1
2	1	2	1	1	1	1	0.363779	1	2	1	1	1	1	1	1	1	1	1
1	1	1	1	1	1	1	1.34822	1	1	1	1	1	1	2	1	1	1	1
2	1	2	1	1	2	1	2.70457	2	3	3	1	2	1	1	1	2	1	2
2	1	2	1	1	2	1	0.260962	2	3	3	1	2	3	1	1	2	2	1
1	1	1	1	1	1	1	1.71149	1	1	1	1	1	1	1	1	1	1	1
2	1	2	1	1	1	1	4.76273	2	2	2	1	2	1	1	1	1	1	1
2	1	2	1	1	2	1	3.06292	2	3	3	1	2	1	1	2	1	1	1
2	1	2	1	1	1	1	0.115639	2	3	3	1	1	3	1	1	1	1	1
2	1	2	1	1	1	1	0.862441	1	2	1	1	1	2	1	1	2	2	1
2	1	2	1	1	1	1	8.06165	1	2	2	2	1	2	2	2	1	1	1
2	1	2	1	1	2	1	3.23072	2	3	3	1	2	1	1	1	2	1	2
2	1	2	1	1	1	1	4.41546	1	1	1	1	1	3	2	2	2	1	1
2	1	2	1	1	1	1	0.807974	1	1	1	2	2	3	1	2	1	1	1
2	1	2	1	1	2	1	8.26548	2	3	3	1	2	2	1	1	1	1	1
1	1	2	1	1	1	1	1.69403	2	2	2	1	1	1	1	1	1	1	1
2	1	2	1	1	1	1	2.48769	1	3	1	1	1	1	1	1	1	1	1
2	1	2	1	1	1	1	2.29564	1	2	2	1	2	1	1	1	1	1	1
2	1	2	1	1	2	1	8.31266	2	3	3	1	2	1	1	2	1	1	1
2	1	2	1	1	2	1	7.12005	2	3	3	1	2	1	1	1	1	1	1
2	1	1	1	1	1	1	4.98447	1	1	1	1	2	1	1	1	1	1	1
2	1	2	1	1	2	1	2.78413	2	3	3	1	2	1	1	1	1	1	1
1	1	1	1	1	1	1	0.335135	1	1	1	1	1	1	1	1	1	1	1
1	1	1	1	1	1	1	0.364792	1	1	1	1	1	1	1	1	1	1	1
1	1	1	1	1	1	1	4.8933	1	1	1	1	1	1	1	1	1	1	1
2	1	2	1	1	1	1	3.95329	2	2	2	1	2	1	1	1	1	1	1
2	1	2	1	1	2	1	5.76189	2	3	3	1	2	1	1	1	1	1	1
2	1	2	1	1	2	1	2.28195	2	3	3	1	2	1	1	1	1	1	1
1	1	2	1	1	1	1	2.51306	2	2	2	1	1	1	1	1	1	1	1
2	1	2	1	1	2	1	0.287996	2	3	3	2	2	1	1	1	1	1	1
2	1	2	1	1	2	1	4.41019	2	3	3	1	2	1	1	2	1	1	1
2	1	1	1	1	1	1	4.85756	1	1	1	2	2	1	1	1	1	1	1
2	1	2	1	1	2	1	0.913549	2	3	3	1	2	1	1	1	2	1	1
2	1	2	1	1	1	1	3.19129	1	1	1	1	1	3	1	1	1	1	1
1	1	2	1	1	1	1	0.910357	2	2	2	1	1	1	1	1	1	1	1
2	1	1	1	1	1	1	1.43587	1	1	1	1	2	1	1	2	1	1	1
2	1	2	1	1	2	1	7.62571	2	3	3	2	2	1	1	1	2	1	1
2	1	2	1	1	2	1	2.0177	2	3	3	1	2	1	1	1	1	1	1
2	1	2	1	1	2	1	3.03181	2	3	3	1	2	3	2	2	1	1	1
2	1	2	1	1	1	1	4.41653	1	2	2	1	1	1	1	1	1	1	1
1	1	1	1	1	1	1	1.98272	1	1	1	1	1	1	1	1	1	1	1
2	1	2	1	1	1	1	6.1215	2	3	3	2	1	1	1	1	2	1	1
2	1	2	1	1	2	1	0.504951	2	3	3	1	2	2	1	1	2	2	1
2	1	2	1	1	2	1	3.43942	2	3	3	1	2	1	1	2	1	1	1
2	1	2	1	1	2	1	0.168117	2	3	3	1	2	1	1	1	1	1	1
1	1	1	1	1	1	1	2.7116	1	1	1	1	1	1	1	1	1	1	1
2	1	2	1	1	1	1	1.73236	2	3	3	1	1	1	1	1	1	1	1
2	1	2	1	1	2	1	1.40971	2	3	3	1	2	1	1	1	1	1	1
2	1	2	1	1	2	1	10.4031	1	3	3	1	2	1	1	1	1	1	1
2	1	2	1	1	2	1	1.09535	2	2	2	1	1	1	2	2	2	1	1
2	1	2	1	1	1	1	0.710853	1	1	1	1	1	3	1	2	1	1	1
2	1	2	1	1	1	1	2.21968	1	3	1	1	1	1	1	1	1	1	1
2	1	2	1	1	2	1	2.05657	2	3	3	1	2	1	1	1	1	1	1
2	1	2	1	1	2	1	0.0965595	2	3	3	1	2	1	2	1	1	1	1
1	1	2	1	1	1	1	2.20098	1	1	1	1	1	3	1	1	1	1	1
2	1	2	1	1	2	1	1.65946	2	3	3	1	2	3	1	1	2	1	1
2	1	2	1	1	2	1	1.35011	2	3	3	1	2	1	1	1	2	1	1
1	1	1	1	1	1	1	0.864032	1	1	1	1	1	1	1	1	1	1	1
2	1	2	1	1	2	1	1.6766	2	2	2	1	2	2	1	1	2	2	1
2	1	1	1	1	1	1	1.12958	1	1	1	1	1	1	1	1	2	2	1
2	1	2	1	1	2	1	1.17241	2	3	3	1	2	1	2	1	2	1	1
1	1	2	1	1	1	1	18.4318	1	2	2	1	1	1	1	1	1	1	1
2	1	2	1	1	1	1	4.82519	2	2	2	1	1	3	1	1	1	1	1
2	1	2	1	1	1	1	1.5247	2	2	2	1	1	1	1	1	1	1	1
2	1	2	1	1	2	1	3.75458	2	3	3	1	2	1	1	1	1	1	1
2	1	2	1	1	2	1	10.7041	2	3	3	1	2	2	1	1	1	1	1
2	1	2	1	1	2	1	9.98006	2	3	3	1	2	2	1	1	1	1	1
2	1	2	1	1	2	1	1.76827	2	3	3	2	2	1	2	1	2	1	1
2	1	1	1	1	1	1	4.03522	1	1	1	1	1	1	2	2	1	1	1
2	1	1	1	1	1	1	2.74773	1	1	1	1	1	1	1	1	2	1	1
2	1	2	1	1	2	1	4.37994	1	3	3	2	2	1	1	1	1	1	1
2	1	2	1	1	2	1	0.89003	2	3	3	1	2	1	1	1	1	1	1
2	1	2	1	1	1	1	0.380096	1	3	1	1	1	1	1	1	1	1	1
2	1	2	1	1	2	1	1.86974	2	3	3	1	2	2	1	1	1	1	1
2	1	2	1	1	1	1	2.84481	2	3	3	2	2	1	1	1	1	1	1
2	1	2	1	1	2	1	0.337754	2	2	2	1	2	1	1	1	1	1	1
2	1	1	1	1	1	1	10.0524	1	1	1	1	1	1	1	1	2	1	1
2	1	2	1	1	1	1	2.83316	2	2	2	1	2	1	1	1	1	1	1
2	1	2	1	1	1	1	0.287686	2	3	2	1	1	1	1	1	1	1	1
2	1	2	1	1	2	1	4.57857	2	3	3	1	2	1	1	2	2	2	1
2	1	2	1	1	1	1	10.9705	1	2	2	1	2	3	1	1	2	1	1
2	1	2	1	1	2	1	5.6787	2	3	3	1	2	3	2	2	2	2	1
2	1	1	1	1	1	1	4.84172	1	1	1	1	2	1	1	1	1	1	1
1	1	2	1	1	1	1	0.447668	2	2	2	1	1	1	1	1	1	1	1
2	1	2	1	1	2	1	8.37605	2	3	3	1	2	1	1	2	1	1	1
2	1	2	1	1	2	1	4.4099	2	3	3	1	2	1	1	1	2	1	1
2	1	2	1	1	1	1	5.29519	2	2	2	1	1	3	1	1	1	1	1
1	1	2	1	1	1	1	3.60551	1	1	1	1	1	3	1	2	1	1	1
2	1	1	1	1	2	2	1.10078	1	1	1	2	2	1	1	1	1	1	1
1	1	1	1	1	1	1	0.142979	1	1	1	1	1	1	1	1	1	1	1
2	1	2	1	1	2	1	0.238895	2	2	2	1	2	1	2	1	2	1	2
2	1	2	1	1	2	1	1.98115	2	3	3	1	2	3	1	1	1	1	1
1	1	1	1	1	1	1	1.10228	1	1	1	1	1	1	1	2	1	1	1
2	1	2	1	1	2	1	3.88951	2	3	3	2	2	1	1	1	1	1	1
2	1	2	1	1	2	1	7.72912	2	3	3	1	2	3	1	1	1	1	1
2	1	2	1	1	2	1	1.98225	2	3	3	1	2	2	1	1	2	1	1
1	1	1	1	1	1	1	4.67034	1	1	1	2	1	1	1	1	1	1	1
1	1	1	1	1	1	1	2.37675	1	1	1	1	1	1	1	1	1	1	1
1	1	1	1	1	1	1	5.00484	1	1	1	1	1	1	1	1	1	1	1
2	1	2	1	1	1	1	0.96131	1	1	1	1	1	3	1	1	2	1	2
2	1	2	1	1	1	1	2.94174	1	1	1	1	2	2	1	1	2	2	1
2	1	2	1	1	2	1	3.40327	2	3	2	1	2	1	2	2	1	1	1
1	1	2	1	1	1	1	2.81788	1	1	1	1	1	2	1	1	2	1	1
1	1	1	1	1	1	1	3.95297	1	1	1	1	1	1	1	2	1	1	1
2	1	2	1	1	2	1	13.659	2	3	3	1	2	3	1	1	1	1	1
1	1	1	1	1	1	1	1.40142	1	1	1	1	1	1	1	1	1	1	1
1	1	1	1	1	1	1	4.21091	1	1	1	1	1	1	1	1	1	1	1
2	1	2	1	1	2	1	2.75431	2	3	3	2	2	1	1	1	2	1	1
2	1	2	1	1	2	1	5.70335	2	3	3	1	2	2	1	1	1	1	1
2	1	1	1	1	1	1	2.54218	1	1	1	1	2	1	1	1	2	1	1
1	1	1	1	1	1	1	0.807303	1	1	1	1	1	1	1	1	1	1	1
2	1	2	1	1	2	1	3.04839	2	3	3	1	2	1	1	1	1	1	1
2	1	2	1	1	2	1	0.140617	2	3	3	1	2	1	1	1	1	1	1
2	1	2	1	1	2	1	0.581715	2	2	2	1	2	1	1	1	1	1	1
2	1	2	1	1	1	1	4.22689	1	1	1	1	2	3	1	1	1	1	1
2	1	2	1	1	2	1	0.892442	2	3	3	1	2	2	1	1	1	1	1
2	1	2	1	1	2	1	4.29428	2	3	3	1	2	1	2	2	1	1	1
1	1	1	1	1	1	1	4.83098	1	1	1	1	1	1	1	1	1	1	1
1	1	1	1	1	1	1	4.74817	1	1	1	1	1	1	1	1	1	1	1
1	1	1	1	1	1	1	2.49175	1	1	1	1	1	1	1	2	1	1	1
2	1	2	1	1	2	1	0.710378	2	3	3	1	2	2	2	2	1	1	1
2	1	2	1	1	1	1	5.10286	2	2	2	1	1	1	1	1	2	2	1
1	1	1	1	1	1	1	0.918882	1	1	1	1	1	1	1	1	1	1	1
2	1	1	1	1	1	1	0.0441354	1	1	1	1	1	1	1	1	2	1	1
1	1	2	1	1	1	1	0.956322	1	1	1	1	1	3	1	1	1	1	1
2	1	2	1	1	1	1	0.501229	1	2	2	1	2	3	1	1	2	2	1
2	1	2	1	1	2	1	2.03462	2	3	3	1	2	1	1	1	1	1	1
2	1	2	1	1	1	1	4.49454	1	2	2	1	1	3	1	1	1	1	1
1	1	2	1	1	1	1	3.47399	1	1	1	1	1	3	1	1	1	1	1
2	1	2	1	1	1	1	3.42912	1	1	1	1	1	2	2	1	2	2	1
1	1	2	1	1	1	1	3.92437	1	1	1	1	1	3	1	1	1	1	1
2	1	1	1	1	1	1	0.51396	1	1	1	1	2	1	1	1	1	1	1
2	1	2	1	1	1	1	4.12695	2	3	3	1	2	1	1	1	2	1	1
2	1	2	1	1	2	1	2.44146	2	3	3	1	1	1	1	1	1	1	1
1	1	1	1	1	1	1	9.60595	1	1	1	1	1	1	1	1	1	1	1
2	1	2	1	1	1	1	2.0039	2	2	2	1	2	1	1	1	2	2	1
2	1	2	1	1	2	1	4.10378	2	3	3	1	2	1	1	1	1	1	1
2	1	1	1	1	1	1	0.386532	1	1	1	1	1	1	2	2	1	1	1
2	1	2	1	1	1	1	0.75722	1	1	1	1	1	3	1	1	1	1	1
1	1	1	1	1	1	1	0.506289	1	1	1	1	1	1	1	2	1	1	1
1	1	1	1	1	1	1	1.84871	1	1	1	1	1	1	1	1	1	1	1
2	1	2	1	1	1	1	6.89466	2	3	3	1	2	1	1	1	1	1	1
2	1	2	1	1	1	1	1.30596	2	2	2	1	1	3	1	1	2	2	1
2	1	2	1	1	1	1	6.80188	1	2	2	1	1	3	1	1	1	1	1
2	1	2	1	1	1	1	4.86438	1	3	1	1	1	1	1	1	1	1	1
1	1	1	1	1	1	1	2.90783	1	1	1	1	1	1	1	1	1	1	1
2	1	2	1	1	1	1	0.971687	2	3	2	1	1	1	2	2	1	1	1
2	1	2	1	1	2	1	1.88183	2	3	3	1	2	1	1	1	1	1	1
2	1	2	1	1	2	1	4.17229	1	3	3	1	2	1	1	1	1	1	1
2	1	2	1	1	1	1	0.927847	2	3	3	1	1	1	1	1	1	1	1
2	1	2	1	1	1	1	4.36548	2	2	2	1	1	3	1	1	1	1	1
2	1	2	1	1	2	1	2.00101	2	3	3	1	2	1	1	1	1	1	1
2	1	1	1	1	1	1	2.28421	1	1	1	1	2	1	2	2	1	1	1
1	1	1	1	1	1	1	1.86953	1	1	1	1	1	1	1	1	1	1	1
2	1	2	1	1	2	1	9.0133	1	2	2	1	2	3	1	1	1	1	1
2	1	2	1	1	1	1	0.439457	2	2	2	1	2	3	1	1	1	1	1
1	1	1	1	1	1	1	4.34038	1	1	1	1	1	1	1	1	1	1	1
2	1	2	1	1	1	1	4.32347	2	2	2	1	1	1	1	1	1	1	1
2	1	2	1	1	2	1	6.60777	2	3	3	1	2	1	1	1	1	1	1
1	1	1	1	1	1	1	0.806183	1	1	1	1	1	1	1	1	1	1	1
1	1	1	1	1	1	1	7.83139	1	1	1	1	1	1	1	1	1	1	1
2	1	2	1	1	1	1	2.49472	1	1	1	1	2	2	1	1	1	1	1
2	1	2	1	1	1	1	0.942534	1	2	1	1	2	1	1	1	1	1	1
2	1	2	1	1	2	1	1.70449	2	3	3	1	2	1	1	1	1	1	1
2	1	2	1	1	1	1	3.0436	2	3	3	1	1	1	1	1	1	1	1
2	1	2	1	1	2	1	3.93414	1	3	3	1	2	1	1	1	2	2	1
2	1	2	1	1	2	1	2.13185	2	3	3	2	2	1	1	1	1	1	1
2	1	2	1	1	2	1	0.262005	2	3	3	1	2	1	1	1	1	1	1
2	1	2	1	1	2	1	12.7252	1	2	2	1	2	3	1	1	1	1	1
1	1	1	1	1	1	1	0.465012	1	1	1	1	1	1	2	2	1	1	1
1	1	2	1	1	1	1	0.455832	1	1	1	1	1	3	1	1	1	1	1
2	1	1	1	1	1	1	5.52702	1	1	1	1	2	1	1	1	1	1	1
1	1	2	1	1	1	1	4.37922	1	1	1	1	1	2	1	1	1	1	1
2	1	2	1	1	1	1	8.52767	1	2	2	1	1	1	1	1	1	1	1
1	1	2	1	1	1	1	2.53081	1	2	1	1	1	1	1	1	1	1	1
1	1	1	1	1	1	1	1.34317	1	1	1	1	1	1	1	1	1	1	1
1	1	1	1	1	1	1	2.24552	1	1	1	1	1	1	1	1	1	1	1
2	1	2	1	1	2	1	3.39164	2	3	3	1	2	1	1	2	1	1	1
2	1	1	1	1	1	1	0.635824	1	1	1	1	1	1	1	1	2	2	1
2	1	2	1	1	2	1	0.810242	2	3	3	2	2	3	1	1	1	1	1
2	1	2	1	1	1	1	20.3734	1	2	2	1	1	1	1	1	1	1	1
2	1	1	1	1	1	1	0.314643	1	1	1	1	2	1	1	1	1	1	1
2	1	2	1	1	1	1	1.93743	2	2	2	1	2	1	1	1	1	1	1
2	1	2	1	1	2	1	2.55162	2	3	3	1	2	3	1	2	1	1	1
1	1	2	1	1	1	1	0.729802	2	2	2	1	1	1	1	1	1	1	1
2	1	2	1	1	2	1	0.0873788	2	3	3	1	2	2	1	1	1	1	1
1	1	1	1	1	1	1	2.09206	1	1	1	1	1	1	1	2	1	1	1
2	1	2	1	1	2	1	0.834649	2	3	3	1	2	3	1	1	1	1	1
1	1	2	1	1	1	1	9.7003	1	1	1	1	1	2	1	1	1	1	1
2	1	2	1	1	1	1	4.45689	1	1	1	1	1	2	1	1	2	1	1
2	1	1	1	1	1	1	0.802165	1	1	1	1	2	1	1	1	1	1	1
2	1	2	1	1	2	1	5.66099	2	3	3	1	2	1	1	1	1	1	1
2	1	2	1	1	1	1	1.61237	1	1	1	1	1	3	1	1	2	2	1
1	1	1	1	1	1	1	2.97608	1	1	1	2	1	1	1	1	1	1	1
1	1	1	1	1	1	1	1.48756	1	1	1	1	1	1	1	1	1	1	1
2	1	2	1	1	1	1	3.87253	2	2	2	2	1	1	1	2	1	1	1
2	1	2	1	1	2	1	7.42702	2	3	3	1	2	1	1	1	1	1	1
2	1	2	1	1	1	1	0.209732	2	3	3	2	1	1	1	1	1	1	1
2	1	2	1	1	1	1	2.55715	2	2	2	1	1	2	2	2	1	1	1
2	1	2	1	1	1	1	0.207224	2	2	2	1	2	1	1	1	1	1	1
2	1	1	1	1	2	1	7.37554	1	1	1	1	2	1	1	1	1	1	1
2	1	2	1	1	2	1	4.11792	2	3	3	2	2	1	2	2	1	1	1
2	1	1	1	1	1	1	1.53867	1	1	1	1	1	1	2	2	2	1	2
2	1	2	1	1	2	1	0.0302816	2	3	3	1	2	3	1	1	1	1	1
2	1	2	1	1	1	1	2.28003	1	1	1	1	2	2	1	1	1	1	1
2	1	2	1	1	2	1	2.9777	2	3	3	1	2	1	2	1	2	2	1
1	1	1	1	1	1	1	0.0199808	1	1	1	1	1	1	1	1	1	1	1
2	1	2	1	1	1	1	3.29523	1	3	1	1	1	2	1	1	1	1	1
2	1	2	1	1	2	1	1.64431	2	3	3	1	2	1	1	2	1	1	1
1	1	1	1	1	1	1	1.65059	1	1	1	1	1	1	1	1	1	1	1
1	1	1	1	1	1	1	1.37525	1	1	1	1	1	1	1	2	1	1	1
2	1	2	1	1	2	1	1.73187	2	3	3	1	2	1	1	1	2	1	1
2	1	2	1	1	2	1	1.01163	2	3	3	1	2	1	1	1	2	1	1
2	1	2	1	1	2	1	1.87413	2	3	3	1	2	1	1	1	1	1	1
2	1	2	1	1	1	1	4.35695	2	2	2	1	1	2	1	1	1	1	1
2	1	2	1	1	1	1	0.273621	2	3	3	1	1	3	1	1	1	1	1
2	1	1	1	1	2	1	3.43754	1	1	1	1	2	1	1	1	1	1	1
2	1	2	1	1	1	1	0.69945	2	2	2	1	1	3	1	1	1	1	1
1	1	1	1	1	1	1	6.24086	1	1	1	1	1	1	1	1	1	1	1
2	1	2	1	1	2	1	0.112064	2	3	3	1	2	1	1	1	1	1	1
2	1	2	1	1	1	1	3.88415	1	2	1	1	1	1	1	1	1	1	1
2	1	2	1	1	1	1	1.06286	2	2	2	1	1	1	1	1	2	1	1
2	1	2	1	1	2	1	2.17353	2	3	3	1	2	1	1	2	1	1	1
1	1	1	1	1	1	1	1.49488	1	1	1	2	1	1	1	1	1	1	1
1	1	1	1	1	1	1	8.26156	1	1	1	1	1	1	1	1	1	1	1
2	1	2	1	1	2	1	2.29956	2	3	3	1	2	1	1	1	2	1	2
2	1	2	1	1	2	1	5.02241	2	3	3	1	2	1	1	1	1	1	1
2	1	2	1	1	2	1	1.79705	2	3	3	1	2	1	1	1	1	1	1
2	1	2	1	1	1	1	2.41045	1	2	2	1	2	2	1	2	1	1	1
2	1	2	1	1	1	1	3.62587	1	2	2	1	2	1	1	1	1	1	1
2	1	2	1	1	2	1	3.03338	2	3	3	1	2	3	1	1	2	2	1
2	1	1	1	1	1	1	1.32098	1	1	1	1	2	1	1	1	1	1	1
1	1	2	1	1	1	1	2.90188	1	1	1	1	1	3	1	1	1	1	1
1	1	2	1	1	1	1	2.5172	2	2	2	1	1	1	1	1	1	1	1
1	1	2	1	1	1	1	1.59161	1	1	1	1	1	2	1	1	1	1	1
2	1	2	1	1	1	1	1.51327	1	2	1	1	1	1	1	1	1	1	1
2	1	2	1	1	2	1	3.61682	2	3	3	1	2	1	1	1	1	1	1
2	1	2	1	1	2	1	0.582747	2	3	3	1	2	1	1	1	1	1	1
2	1	1	1	1	1	1	1.78714	1	1	1	1	1	1	1	1	2	1	1
2	1	2	1	1	2	1	3.90871	2	3	3	1	2	1	1	1	2	2	1
2	1	2	1	1	2	1	2.12194	2	3	3	1	2	3	1	1	1	1	1
2	1	2	1	1	2	1	2.85085	2	3	3	1	2	1	1	1	1	1	1
2	1	2	1	1	1	1	2.63259	1	1	1	1	1	3	1	1	1	1	1
2	1	2	1	1	1	1	1.90261	1	1	1	1	2	3	1	1	1	1	1
2	1	2	1	1	2	1	1.12473	2	3	3	2	2	2	1	1	1	1	1
1	1	2	1	1	1	1	0.744409	2	2	2	1	1	1	1	1	1	1	1
2	1	2	1	1	2	1	0.553062	2	3	3	1	2	3	2	2	1	1	1
2	1	2	1	1	2	1	4.13517	2	3	3	2	2	1	1	1	1	1	1
2	1	2	1	1	1	1	5.34859	1	3	1	1	1	3	1	1	1	1	1
1	1	2	1	1	1	1	4.14217	2	2	2	1	1	1	1	1	1	1	1
1	1	1	1	1	1	1	4.68854	1	1	1	1	1	1	1	1	1	1	1
2	1	1	1	1	1	1	2.47433	1	1	1	1	2	1	1	1	2	1	1
2	1	2	1	1	1	1	4.04289	2	3	3	1	2	1	1	1	1	1	1
1	1	2	1	1	1	1	4.64514	2	2	2	1	1	1	1	2	1	1	1
2	1	1	1	1	1	1	3.52575	1	1	1	2	1	1	1	1	2	2	1
2	1	2	1	1	2	1	0.0085396	2	3	3	1	2	1	1	1	2	2	1
2	1	2	1	1	2	1	3.75628	2	3	3	1	2	1	1	1	1	1	1
2	1	2	1	1	2	1	4.46408	2	3	3	1	2	1	2	2	1	1	1
1	1	2	1	1	1	1	4.407	1	2	2	1	1	1	2	1	1	1	1
2	1	2	1	1	2	1	12.9879	2	3	3	1	2	1	1	1	2	1	1
2	1	2	1	1	2	1	5.42745	2	3	3	1	2	1	1	1	1	1	1
2	1	2	1	1	2	1	2.27077	2	3	3	1	2	1	1	1	2	1	1
1	1	1	1	1	1	1	4.19191	1	1	1	1	1	1	1	1	1	1	1
1	1	1	1	1	1	1	1.43925	1	1	1	1	1	1	1	2	1	1	1
1	1	1	1	1	1	1	4.98537	1	1	1	1	1	1	1	1	1	1	1
2	1	2	1	1	2	1	1.71189	2	3	3	1	2	1	1	1	1	1	1
2	1	2	1	1	2	1	4.91003	2	3	3	1	2	1	1	1	1	1	1
2	1	2	1	2	2	1	0.809663	2	3	3	1	2	1	1	1	1	1	1
2	1	2	1	1	2	1	3.78373	2	3	3	1	2	1	1	1	1	1	1
2	1	1	1	1	1	1	1.64728	1	1	1	1	2	1	1	2	2	1	1
2	1	2	1	1	2	1	0.977114	2	3	3	1	2	2	1	1	1	1	1
2	1	2	1	1	2	1	4.78619	2	3	3	1	2	1	1	1	1	1	1
2	1	1	1	1	2	1	4.88483	1	1	1	2	2	1	1	1	2	1	1
1	1	1	1	1	1	1	0.0447191	1	1	1	1	1	1	1	1	1	1	1
2	1	2	1	1	2	1	6.22958	2	3	3	1	2	1	1	1	1	1	1
1	1	1	1	1	1	1	4.02524	1	1	1	1	1	1	1	1	1	1	1
2	1	2	1	1	1	1	5.10729	1	3	2	1	1	1	1	1	2	2	1
2	1	2	1	1	2	1	8.97099	2	3	3	1	2	3	1	1	1	1	1
2	1	2	1	1	2	1	5.59486	2	3	3	1	2	1	1	1	1	1	1
1	1	1	1	1	1	1	1.13786	1	1	1	1	1	1	1	1	1	1	1
2	1	2	1	1	1	1	11.3795	1	2	2	1	1	1	1	1	1	1	1

