19
2100	1800	
BatVolt	788	0
PlugVolt	998	180
StMotor	788	360
Alter	998	540
MFuse	788	720
Charging	472	900
Starter	998	900
Cranks	0	1080
Dist	1523	900
GasFilter	263	1080
GasTank	525	1080
Fuel	472	1260
AirFilter	788	1080
Air	998	1260
Plugs	1050	1080
SpkQual	1523	1260
Starts	788	1440
Timing	1313	1080
BatAge	1575	1080
BatVolt	3
250	150
0
10	2	3	4	5	6	7	8	9	16	17
1	0.4184
2	0.1639
3	0.4177
PlugVolt	3
250	150
1	1
9	3	4	5	6	7	8	9	16	17
1	0.3706
2	0.1678
3	0.4616
StMotor	2
250	150
2	1	2
11	4	5	7	10	11	12	13	14	15	18	19
1	0.9955
2	0.0045
Alter	2
250	150
3	1	2	3
10	5	6	9	10	11	13	14	15	18	19
1	0.9970
2	0.0030
MFuse	2
250	150
4	1	2	3	4
14	6	7	8	9	10	11	12	13	14	15	16	17	18	19
1	0.9990
2	0.0010
Charging	2
250	150
4	1	2	4	5
0
1	0.5024
2	0.4976
Starter	2
250	150
4	1	2	3	5
1	8
1	0.5977
2	0.4023
Cranks	2
250	150
4	1	2	5	7
0
1	0.4848
2	0.5152
Dist	2
250	150
4	1	2	4	5
6	10	11	13	15	18	19
1	0.9910
2	0.0090
GasFilter	2
250	150
4	3	4	5	9
1	12
1	0.9725
2	0.0275
GasTank	2
250	150
4	3	4	5	9
1	12
1	0.9031
2	0.0969
Fuel	2
250	150
4	3	5	10	11
0
1	0.7756
2	0.2244
AirFilter	2
250	150
4	3	4	5	9
1	14
1	0.9040
2	0.0960
Air	2
250	150
4	3	4	5	13
0
1	0.8301
2	0.1699
Plugs	3
250	150
4	3	4	5	9
1	16
1	0.6922
2	0.0970
3	0.2109
SpkQual	2
250	150
4	1	2	5	15
1	17
1	0.2568
2	0.7432
Starts	2
250	150
4	1	2	5	16
0
1	0.2497
2	0.7503
Timing	2
250	150
4	3	4	5	9
0
1	0.9053
2	0.0947
BatAge	1
250	150
4	3	4	5	9
0
-2.1178	0.0437
-2.0287	0.0524
-1.9396	0.0623
-1.8505	0.0736
-1.7614	0.0862
-1.6723	0.1001
-1.5832	0.1155
-1.4941	0.1321
-1.4050	0.1499
-1.3159	0.1689
-1.2268	0.1888
-1.1377	0.2093
-1.0486	0.2303
-0.9595	0.2515
-0.8704	0.2725
-0.7813	0.2929
-0.6922	0.3124
-0.6031	0.3306
-0.5140	0.3471
-0.4249	0.3617
-0.3358	0.3740
-0.2467	0.3836
-0.1576	0.3905
-0.0685	0.3944
0.0206	0.3952
0.1097	0.3930
0.1988	0.3877
0.2879	0.3795
0.3770	0.3687
0.4661	0.3553
0.5552	0.3398
0.6443	0.3225
0.7334	0.3036
0.8225	0.2837
0.9116	0.2629
1.0007	0.2419
1.0898	0.2207
1.1789	0.1999
1.2680	0.1796
1.3571	0.1601
1.4462	0.1417
1.5353	0.1243
1.6244	0.1083
1.7135	0.0936
1.8026	0.0803
1.8917	0.0683
1.9808	0.0576
2.0699	0.0483
2.1590	0.0401
2.2481	0.0331
2.3372	0.0271
2.4263	0.0220
2.5154	0.0177
2.6045	0.0142
2.6936	0.0112
2.7827	0.0088
2.8718	0.0069
2.9609	0.0054
3.0500	0.0041
3.1391	0.0031
3.2282	0.0024
3.3173	0.0018
3.4064	0.0013
3.4954	0.0010
3.5845	0.0007
3.6736	0.0005
3.7627	0.0004
3.8518	0.0003
3.9409	0.0002
4.0300	0.0001
4.1191	0.0001
4.2082	0.0001
4.2973	0.0000
4.3864	0.0000
4.4755	0.0000
4.5646	0.0000
4.6537	0.0000
4.7428	0.0000
4.8319	0.0000
4.9210	0.0000
5.0101	0.0000
5.0992	0.0000
5.1883	0.0000
5.2774	0.0000
5.3665	0.0000
5.4556	0.0000
5.5447	0.0000
5.6338	0.0000
5.7229	0.0000
5.8120	0.0000
5.9011	0.0000
5.9902	0.0000
6.0793	0.0000
6.1684	0.0000
6.2575	0.0000
6.3466	0.0000
6.4357	0.0000
6.5248	0.0000
6.6139	0.0000
6.7030	0.0000
6.7921	0.0000
